timestamp,open,high,low,close,volume
2025-03-04 06:00:00,84274.0,84411.76,83584.9,83883.58,854.00368
2025-03-04 07:00:00,83884.06,84024.0,83140.0,83186.4,1401.0781
2025-03-04 08:00:00,83186.4,83934.51,83040.29,83893.09,1496.65224
2025-03-04 09:00:00,83893.09,84181.53,83642.01,83748.0,990.95954
2025-03-04 10:00:00,83748.0,84067.02,83492.02,83971.93,845.80624
2025-03-04 11:00:00,83971.93,84373.84,83698.11,83937.94,1132.88002
2025-03-04 12:00:00,83937.93,83979.66,83248.66,83763.73,1007.91883
2025-03-04 13:00:00,83763.73,83764.56,82300.0,82804.0,2427.20219
2025-03-04 14:00:00,82804.0,84977.65,82062.06,83201.41,6008.25724
2025-03-04 15:00:00,83201.4,83373.42,81500.0,82985.06,4824.82043
2025-03-04 16:00:00,82985.05,83825.72,82013.11,83555.37,2320.23524
2025-03-04 17:00:00,83555.5,85529.8,83406.37,85443.89,2938.55269
2025-03-04 18:00:00,85443.88,86927.68,85148.68,86764.24,2506.83663
2025-03-04 19:00:00,86764.25,88487.91,86537.71,88206.19,4362.43625
2025-03-04 20:00:00,88206.19,88840.03,86692.9,86825.27,2560.3595
2025-03-04 21:00:00,86825.27,88967.52,86582.27,87517.49,2669.37298
2025-03-04 22:00:00,87517.49,87969.77,87416.0,87486.0,666.89699
2025-03-04 23:00:00,87485.99,87747.3,87088.96,87281.98,626.31508
2025-03-05 00:00:00,87281.98,87281.98,86334.53,86800.36,1522.96488
2025-03-05 01:00:00,86800.36,87794.52,86603.78,87643.11,1122.00439
2025-03-05 02:00:00,87643.11,87888.88,87029.56,87466.55,1118.23188
2025-03-05 03:00:00,87466.55,87888.0,86777.0,86843.4,1006.57606
2025-03-05 04:00:00,86843.4,87398.0,86722.81,86915.94,1897.85746
2025-03-05 05:00:00,86915.93,87245.0,86848.46,87145.98,684.96672
2025-03-05 06:00:00,87145.99,87588.6,87000.0,87490.12,549.24596
2025-03-05 07:00:00,87490.13,87727.27,87360.1,87619.49,751.77648
2025-03-05 08:00:00,87619.49,87924.68,87600.0,87760.0,607.65237
2025-03-05 09:00:00,87760.0,88829.68,87673.04,88469.01,1438.43365
2025-03-05 10:00:00,88469.0,90660.0,88363.13,89926.07,3368.49428
2025-03-05 11:00:00,89926.07,90127.0,89564.0,89814.26,1336.71799
2025-03-05 12:00:00,89814.26,90933.82,89814.26,90355.97,2250.85661
2025-03-05 13:00:00,90355.97,90588.0,89103.52,89473.92,3234.22601
2025-03-05 14:00:00,89473.92,89839.01,88157.25,88519.93,3303.02094
2025-03-05 15:00:00,88519.94,89550.72,87926.06,88344.25,3436.16876
2025-03-05 16:00:00,88344.25,89480.0,87600.0,88926.53,3228.25926
2025-03-05 17:00:00,88927.14,90475.3,88785.63,89687.99,2097.96445
2025-03-05 18:00:00,89687.99,89943.4,88881.66,89712.0,1534.43714
2025-03-05 19:00:00,89712.01,90152.0,89472.26,89750.0,895.33123
2025-03-05 20:00:00,89750.0,90555.0,89677.8,90499.64,910.19826
2025-03-05 21:00:00,90499.64,90700.0,89932.13,90377.54,650.85875
2025-03-05 22:00:00,90377.27,90536.91,90026.96,90449.46,542.42499
2025-03-05 23:00:00,90449.47,91000.0,90296.04,90606.01,775.34311
2025-03-06 00:00:00,90606.0,90815.31,89986.73,90046.34,842.00257
2025-03-06 01:00:00,90046.35,91903.01,90046.35,91057.19,1922.33779
2025-03-06 02:00:00,91057.2,92000.0,90999.77,91812.0,1603.59852
2025-03-06 03:00:00,91811.99,92025.0,91405.76,91605.01,970.85739
2025-03-06 04:00:00,91605.02,92454.44,91526.36,92287.45,1011.95626
2025-03-06 05:00:00,92287.45,92810.64,92124.0,92737.98,1140.44077
2025-03-06 06:00:00,92737.99,92769.26,91784.35,91916.0,1461.30795
2025-03-06 07:00:00,91916.01,91993.83,91265.96,91346.48,878.69496
2025-03-06 08:00:00,91346.49,91590.99,91121.34,91156.08,1002.72035
2025-03-06 09:00:00,91156.08,91176.0,90613.17,90752.14,1048.44799
2025-03-06 10:00:00,90752.14,91667.5,90613.37,91290.88,1054.01322
2025-03-06 11:00:00,91290.89,91606.53,91003.71,91350.0,789.74756
2025-03-06 12:00:00,91350.0,91399.01,89829.02,90102.02,1644.55126
2025-03-06 13:00:00,90102.02,90471.02,89450.06,89569.13,1518.79331
2025-03-06 14:00:00,89569.13,90387.37,89117.68,89803.99,2999.48127
2025-03-06 15:00:00,89803.99,91457.03,89631.91,90820.69,2271.16246
2025-03-06 16:00:00,90820.69,91066.44,89220.0,89316.02,1916.09183
2025-03-06 17:00:00,89316.03,89360.8,88007.19,88628.01,2520.88804
2025-03-06 18:00:00,88628.0,88965.18,88140.07,88428.41,1182.1183
2025-03-06 19:00:00,88428.41,89395.83,87836.0,88526.18,1528.60773
2025-03-06 20:00:00,88526.23,89370.46,88461.22,89045.44,1217.7098
2025-03-06 21:00:00,89047.25,89940.0,88971.09,89939.0,1000.11785
2025-03-06 22:00:00,89939.19,90781.2,89515.13,90313.66,1969.31411
2025-03-06 23:00:00,90313.66,90571.78,89889.24,89931.89,847.48773
2025-03-07 00:00:00,89931.88,91283.02,84667.03,85529.22,9907.82883
2025-03-07 01:00:00,85529.23,88983.8,85200.0,88263.85,5350.69975
2025-03-07 02:00:00,88263.84,88460.0,87235.0,87235.0,2042.75158
2025-03-07 03:00:00,87235.01,87694.0,86778.57,86991.25,1392.05525
2025-03-07 04:00:00,86991.26,87885.65,86857.14,87636.41,973.84984
2025-03-07 05:00:00,87636.41,88450.0,87587.34,88221.21,1066.61425
2025-03-07 06:00:00,88221.21,88357.52,87801.47,88208.23,1036.79142
2025-03-07 07:00:00,88208.23,88612.96,88100.36,88365.18,873.47903
2025-03-07 08:00:00,88365.19,88486.65,87985.3,88365.78,731.44291
2025-03-07 09:00:00,88365.77,89704.0,88357.55,88933.7,1315.00452
2025-03-07 10:00:00,88933.71,89285.27,88740.73,89263.4,627.13976
2025-03-07 11:00:00,89263.41,89452.0,88821.97,88966.96,695.2888
2025-03-07 12:00:00,88966.96,89320.98,88292.46,89051.13,1390.78884
2025-03-07 13:00:00,89050.76,90346.13,88977.94,89135.98,3156.31229
2025-03-07 14:00:00,89135.99,91100.0,88655.34,90440.74,3357.70486
2025-03-07 15:00:00,90440.74,90787.53,88022.47,88457.99,4428.55225
2025-03-07 16:00:00,88457.99,88983.33,86623.43,87237.37,4416.63143
2025-03-07 17:00:00,87237.36,88636.36,86554.77,87685.99,3478.29411
2025-03-07 18:00:00,87685.99,89023.41,87507.35,88589.33,1975.64801
2025-03-07 19:00:00,88589.33,88911.51,87315.94,87820.1,1543.74974
2025-03-07 20:00:00,87820.09,88511.0,86544.27,86987.72,2594.08291
2025-03-07 21:00:00,86986.73,87373.13,85573.07,86314.63,3337.15538
2025-03-07 22:00:00,86314.64,86845.67,85600.37,86745.15,1305.83593
2025-03-07 23:00:00,86745.14,86836.0,85976.0,86801.75,982.65544
2025-03-08 00:00:00,86801.74,86897.25,86538.59,86726.8,774.07981
2025-03-08 01:00:00,86726.79,86761.5,85218.47,86105.99,1381.62062
2025-03-08 02:00:00,86105.99,86341.13,85943.25,86180.19,717.50376
2025-03-08 03:00:00,86180.19,86183.83,85456.0,85919.12,557.03426
2025-03-08 04:00:00,85919.12,86500.0,85653.66,86444.53,642.75837
2025-03-08 05:00:00,86444.52,86462.7,86019.11,86279.12,302.64705
2025-03-08 06:00:00,86279.13,86662.0,86270.0,86465.0,565.6798
2025-03-08 07:00:00,86464.99,86535.18,86106.37,86197.14,460.04445
2025-03-08 08:00:00,86197.14,86326.26,86040.01,86071.57,448.83906
2025-03-08 09:00:00,86071.57,86450.01,85828.2,85943.28,494.55943
2025-03-08 10:00:00,85943.29,86264.0,85943.28,86123.19,371.08485
2025-03-08 11:00:00,86123.2,86132.78,85762.72,85955.88,460.84829
2025-03-08 12:00:00,85955.89,86411.17,85808.82,86209.72,649.57361
2025-03-08 13:00:00,86209.72,86537.84,86128.72,86327.96,826.86145
2025-03-08 14:00:00,86327.96,86626.32,86205.33,86361.69,503.84305
2025-03-08 15:00:00,86361.68,86627.51,86200.0,86400.0,466.88681
2025-03-08 16:00:00,86400.0,86450.97,85818.7,86148.09,581.9076
2025-03-08 17:00:00,86148.1,86155.89,85661.76,85943.08,836.73089
2025-03-08 18:00:00,85943.07,86084.45,85869.44,86044.02,215.55897
2025-03-08 19:00:00,86044.02,86500.0,85800.0,86233.52,587.19603
2025-03-08 20:00:00,86233.52,86368.59,86185.0,86281.39,192.8745
2025-03-08 21:00:00,86281.4,86500.0,86200.0,86228.16,219.78668
2025-03-08 22:00:00,86228.17,86382.58,85852.12,86350.0,400.87514
2025-03-08 23:00:00,86350.01,86400.0,86066.17,86222.45,330.43606
2025-03-09 00:00:00,86222.46,86463.0,86116.6,86416.12,350.50278
2025-03-09 01:00:00,86416.11,86500.0,86098.33,86198.39,257.53715
2025-03-09 02:00:00,86198.39,86276.42,86001.48,86003.33,283.22646
2025-03-09 03:00:00,86003.32,86217.45,85939.85,86115.71,332.21281
2025-03-09 04:00:00,86115.71,86125.27,85942.0,86053.74,291.30421
2025-03-09 05:00:00,86053.74,86158.83,85976.02,86034.01,217.69929
2025-03-09 06:00:00,86034.0,86048.0,85809.48,85910.0,409.14686
2025-03-09 07:00:00,85910.0,86156.17,85846.91,86004.61,457.17501
2025-03-09 08:00:00,86004.61,86098.0,85777.0,85792.0,297.44422
2025-03-09 09:00:00,85792.0,85891.64,85382.39,85564.0,471.15347
2025-03-09 10:00:00,85564.0,85620.0,84708.01,84844.1,1265.34082
2025-03-09 11:00:00,84844.11,85098.38,84625.01,85024.01,949.54327
2025-03-09 12:00:00,85024.0,85058.34,84240.36,84599.99,1390.32594
2025-03-09 13:00:00,84600.0,84700.0,83483.13,83489.95,1412.09732
2025-03-09 14:00:00,83489.96,83817.25,83000.0,83602.57,1909.96106
2025-03-09 15:00:00,83602.58,83768.34,82711.5,83080.41,2011.81321
2025-03-09 16:00:00,83080.4,83758.22,82327.59,82496.01,2326.08392
2025-03-09 17:00:00,82496.01,82944.0,82223.0,82366.0,1427.44276
2025-03-09 18:00:00,82365.99,83340.58,82264.0,82670.0,1491.41884
2025-03-09 19:00:00,82670.0,82988.11,82336.36,82640.86,1010.21232
2025-03-09 20:00:00,82640.86,83539.66,82615.38,83083.15,858.57068
2025-03-09 21:00:00,83083.16,83090.02,81555.0,81845.11,1681.2986
2025-03-09 22:00:00,81845.12,82066.23,80202.53,80358.19,2498.36258
2025-03-09 23:00:00,80358.18,81042.41,80000.0,80734.37,2515.51987
2025-03-10 00:00:00,80734.48,81500.0,80037.62,81292.0,2119.91701
2025-03-10 01:00:00,81292.01,81888.0,80802.59,81766.01,1700.61474
2025-03-10 02:00:00,81766.01,82744.0,81526.25,82198.12,1747.3959
2025-03-10 03:00:00,82198.12,82333.37,81791.82,82047.49,1063.09038
2025-03-10 04:00:00,82047.49,82659.14,82004.0,82634.05,647.00669
2025-03-10 05:00:00,82634.05,82797.95,82124.35,82308.52,761.63193
2025-03-10 06:00:00,82308.51,82425.71,81977.27,82332.67,718.31521
2025-03-10 07:00:00,82333.81,82687.5,82048.44,82318.77,735.02286
2025-03-10 08:00:00,82318.78,82391.75,81151.0,81350.46,1240.84016
2025-03-10 09:00:00,81350.46,84123.46,81325.32,82514.26,3135.7787
2025-03-10 10:00:00,82514.27,82683.99,81630.59,82288.19,960.18393
2025-03-10 11:00:00,82288.19,83826.02,82065.73,83582.0,1355.26923
2025-03-10 12:00:00,83582.0,83771.94,82634.16,83248.12,1804.51434
2025-03-10 13:00:00,83248.12,83313.99,81423.51,81528.94,2151.30539
2025-03-10 14:00:00,81528.93,81528.93,79177.03,79847.08,6049.79262
2025-03-10 15:00:00,79847.09,81118.32,79570.57,80043.85,2855.95678
2025-03-10 16:00:00,80043.84,80250.0,78992.1,79009.98,2435.72646
2025-03-10 17:00:00,79009.01,79327.98,78202.0,78459.91,4021.36721
2025-03-10 18:00:00,78459.9,79147.05,77501.1,77655.26,3305.83539
2025-03-10 19:00:00,77655.25,79533.57,77459.91,79060.84,3706.69015
2025-03-10 20:00:00,79060.84,79729.73,78409.4,79304.98,1749.77269
2025-03-10 21:00:00,79304.97,79886.03,78959.9,79565.81,1079.83363
2025-03-10 22:00:00,79566.86,79845.42,79200.0,79502.36,890.45364
2025-03-10 23:00:00,79502.36,79708.0,78449.98,78595.86,1397.06901
2025-03-11 00:00:00,78595.86,79235.77,76606.0,77673.6,5219.87886
2025-03-11 01:00:00,77673.6,79130.93,76816.52,79130.66,3194.38716
2025-03-11 02:00:00,79130.65,79650.0,78938.0,79354.53,1754.34261
2025-03-11 03:00:00,79354.54,79938.27,79279.9,79522.29,953.63506
2025-03-11 04:00:00,79522.29,80245.26,79439.9,79759.91,1261.6828
2025-03-11 05:00:00,79759.91,80457.0,79719.87,80261.78,1400.52299
2025-03-11 06:00:00,80261.78,80547.79,80091.18,80099.33,727.41838
2025-03-11 07:00:00,80099.32,80614.89,80088.0,80424.95,1177.73486
2025-03-11 08:00:00,80424.94,81525.62,80325.22,81131.16,2032.15403
2025-03-11 09:00:00,81131.15,81900.05,81129.98,81460.39,1344.56881
2025-03-11 10:00:00,81460.38,81886.31,81269.85,81808.26,1037.52973
2025-03-11 11:00:00,81808.25,82092.34,81400.0,81720.34,1184.00715
2025-03-11 12:00:00,81720.33,81909.69,81017.0,81225.5,1849.7363
2025-03-11 13:00:00,81225.49,82225.21,80536.33,80898.49,4637.72925
2025-03-11 14:00:00,80898.5,81374.92,79058.0,79773.04,6591.00781
2025-03-11 15:00:00,79773.05,81666.0,79653.69,81232.24,3555.27893
2025-03-11 16:00:00,81232.23,81900.0,80609.96,81386.8,2212.88519
2025-03-11 17:00:00,81386.79,81727.27,80777.75,81305.57,1542.25683
2025-03-11 18:00:00,81305.58,83470.01,81288.61,83280.94,2780.96936
2025-03-11 19:00:00,83280.95,83617.4,82846.31,83104.01,1549.39261
2025-03-11 20:00:00,83104.01,83170.38,82586.84,82799.68,845.3044
2025-03-11 21:00:00,82799.68,83265.38,82799.67,83110.72,576.90124
2025-03-11 22:00:00,83110.71,83306.87,82981.3,83133.48,560.5699
2025-03-11 23:00:00,83133.48,83185.0,82550.52,82932.99,780.17427
2025-03-12 00:00:00,82932.99,83142.11,82604.95,82765.52,658.58485
2025-03-12 01:00:00,82765.52,83783.26,82752.58,83313.6,1260.16624
2025-03-12 02:00:00,83313.6,83330.04,82217.01,82430.79,1790.05082
2025-03-12 03:00:00,82430.8,82620.01,82100.61,82127.72,1003.13679
2025-03-12 04:00:00,82127.73,82180.0,81617.76,81811.05,1145.12345
2025-03-12 05:00:00,81811.05,82048.93,81617.0,81987.43,734.00302
2025-03-12 06:00:00,81987.44,81987.44,81296.0,81425.98,774.02218
2025-03-12 07:00:00,81425.97,82541.47,81332.66,82447.79,1412.35169
2025-03-12 08:00:00,82447.78,82841.82,82000.29,82689.67,1582.29339
2025-03-12 09:00:00,82689.66,82933.32,82228.09,82680.06,1177.88498
2025-03-12 10:00:00,82680.06,82771.05,82106.09,82492.67,1102.97753
2025-03-12 11:00:00,82492.67,83076.79,82430.01,83004.45,1011.46578
2025-03-12 12:00:00,83004.45,84539.85,82873.2,84069.0,3646.97894
2025-03-12 13:00:00,84069.01,84217.12,82357.44,82686.27,3372.60984
2025-03-12 14:00:00,82686.26,82920.35,81528.58,81535.72,2050.67834
2025-03-12 15:00:00,81535.72,82013.4,80607.65,81738.97,2743.33871
2025-03-12 16:00:00,81738.97,82287.52,81626.64,81970.76,1321.98489
2025-03-12 17:00:00,81970.77,82884.51,81780.01,81844.41,1198.71111
2025-03-12 18:00:00,81844.41,82803.76,81723.0,82628.68,844.66253
2025-03-12 19:00:00,82628.67,83165.46,82487.85,82915.93,850.153
2025-03-12 20:00:00,82915.94,83189.23,82709.36,83124.95,576.74871
2025-03-12 21:00:00,83124.95,83321.51,82852.29,83093.69,387.93382
2025-03-12 22:00:00,83093.69,83693.0,83087.4,83651.15,607.96587
2025-03-12 23:00:00,83651.15,83887.26,83409.09,83680.12,680.15952
2025-03-13 00:00:00,83680.12,84000.0,83438.67,83444.88,1194.25124
2025-03-13 01:00:00,83444.89,84222.0,83312.92,83919.68,950.45575
2025-03-13 02:00:00,83919.69,84336.33,83743.14,83785.58,902.34187
2025-03-13 03:00:00,83785.59,84199.54,83542.53,83577.14,720.43836
2025-03-13 04:00:00,83577.14,83709.03,83201.91,83286.63,739.22902
2025-03-13 05:00:00,83286.63,83540.83,83077.0,83157.16,747.63636
2025-03-13 06:00:00,83157.16,83329.42,82851.0,83292.6,814.14759
2025-03-13 07:00:00,83292.6,83559.06,83127.98,83151.99,783.38238
2025-03-13 08:00:00,83152.0,83262.58,82400.04,82973.35,822.40169
2025-03-13 09:00:00,82973.34,83522.61,82969.79,83426.87,964.97054
2025-03-13 10:00:00,83426.87,83488.43,83001.0,83191.67,754.49967
2025-03-13 11:00:00,83191.67,83229.42,82708.29,82975.86,657.69577
2025-03-13 12:00:00,82975.86,83900.0,82286.0,82517.99,1673.24224
2025-03-13 13:00:00,82518.0,83111.64,81600.0,81777.15,2056.53095
2025-03-13 14:00:00,81777.15,82524.46,81546.52,82009.5,1725.43591
2025-03-13 15:00:00,82009.51,82193.66,80954.29,81044.72,2175.89338
2025-03-13 16:00:00,81044.72,81264.73,80666.0,80876.36,1686.93991
2025-03-13 17:00:00,80876.36,80893.02,79939.9,80064.0,2988.91877
2025-03-13 18:00:00,80063.99,80957.84,79996.65,80820.05,1638.17538
2025-03-13 19:00:00,80820.05,81031.81,80137.47,80211.4,1081.83567
2025-03-13 20:00:00,80210.4,80735.83,80189.89,80379.05,770.63142
2025-03-13 21:00:00,80379.05,80882.65,80280.66,80819.99,713.67943
2025-03-13 22:00:00,80819.99,81400.0,80730.48,81395.54,550.15428
2025-03-13 23:00:00,81395.54,81484.23,81046.57,81115.78,433.38654
2025-03-14 00:00:00,81115.78,81694.41,80818.84,81503.31,721.32303
2025-03-14 01:00:00,81503.31,81876.17,81206.04,81603.08,506.51801
2025-03-14 02:00:00,81603.07,82270.51,81588.51,82226.98,714.90216
2025-03-14 03:00:00,82226.98,82247.7,81708.96,81888.77,803.86317
2025-03-14 04:00:00,81888.77,82040.0,81841.99,81948.16,371.30991
2025-03-14 05:00:00,81948.17,82218.03,81820.22,82141.96,622.41868
2025-03-14 06:00:00,82141.96,82191.22,81780.08,82038.09,405.28499
2025-03-14 07:00:00,82038.09,82454.5,81895.95,82170.85,622.58387
2025-03-14 08:00:00,82170.84,82647.21,82170.84,82593.44,641.79384
2025-03-14 09:00:00,82593.45,82940.34,82569.31,82776.5,710.88441
2025-03-14 10:00:00,82776.51,83300.01,82672.29,83042.22,1268.05152
2025-03-14 11:00:00,83042.21,83348.46,82975.33,83253.15,719.70825
2025-03-14 12:00:00,83253.15,83526.96,83052.41,83420.87,921.32806
2025-03-14 13:00:00,83420.87,83888.0,83040.83,83602.16,1846.65606
2025-03-14 14:00:00,83602.15,83602.15,82640.59,83524.8,3070.46253
2025-03-14 15:00:00,83524.8,85309.71,83524.8,84724.58,5578.42625
2025-03-14 16:00:00,84724.58,84950.0,83949.19,84787.37,2261.19233
2025-03-14 17:00:00,84787.37,84838.0,84194.01,84365.18,861.11789
2025-03-14 18:00:00,84365.18,84726.42,84203.66,84570.54,803.03307
2025-03-14 19:00:00,84570.54,84929.45,84458.44,84554.0,737.1922
2025-03-14 20:00:00,84554.0,84554.01,83717.69,84127.2,1000.5735
2025-03-14 21:00:00,84127.21,84299.7,83953.57,84205.79,383.76632
2025-03-14 22:00:00,84205.79,84512.05,84105.73,84438.06,849.70705
2025-03-14 23:00:00,84438.07,84445.2,83950.06,83983.2,436.43045
2025-03-15 00:00:00,83983.19,84351.88,83964.57,84297.14,404.85017
2025-03-15 01:00:00,84297.13,84583.04,84107.27,84353.85,433.0424
2025-03-15 02:00:00,84353.85,84632.08,84160.37,84557.95,452.46432
2025-03-15 03:00:00,84557.96,84676.28,84418.38,84491.99,510.72249
2025-03-15 04:00:00,84492.0,84559.0,84300.04,84456.57,295.90084
2025-03-15 05:00:00,84456.58,84478.03,84266.25,84266.26,264.13452
2025-03-15 06:00:00,84266.26,84308.16,84160.37,84183.28,311.33661
2025-03-15 07:00:00,84183.28,84192.21,83791.09,83827.31,916.14417
2025-03-15 08:00:00,83827.32,84032.9,83618.0,83891.36,779.80417
2025-03-15 09:00:00,83891.37,83975.22,83710.32,83966.95,949.50063
2025-03-15 10:00:00,83966.95,83994.11,83667.23,83912.19,385.90322
2025-03-15 11:00:00,83912.19,84184.58,83842.95,84103.74,436.48745
2025-03-15 12:00:00,84103.74,84272.19,84010.58,84136.53,638.42673
2025-03-15 13:00:00,84136.53,84499.74,84132.08,84460.0,810.2508
2025-03-15 14:00:00,84459.99,84459.99,84106.83,84131.75,859.8038
2025-03-15 15:00:00,84131.75,84408.6,84131.75,84346.02,487.41953
2025-03-15 16:00:00,84346.03,84498.72,84196.0,84362.91,680.60018
2025-03-15 17:00:00,84362.9,84495.43,84277.66,84422.25,392.01683
2025-03-15 18:00:00,84422.25,84476.46,84125.01,84223.29,284.29156
2025-03-15 19:00:00,84223.28,84320.49,84076.92,84299.98,324.78211
2025-03-15 20:00:00,84299.99,84450.0,84299.98,84389.31,174.96258
2025-03-15 21:00:00,84389.31,84467.7,84237.58,84388.73,199.25715
2025-03-15 22:00:00,84388.73,84450.1,84322.82,84382.65,161.41378
2025-03-15 23:00:00,84382.65,84411.69,84268.4,84338.44,171.21716
2025-03-16 00:00:00,84338.44,84391.06,84213.03,84253.52,183.74346
2025-03-16 01:00:00,84253.53,84277.03,83840.0,83869.31,457.47235
2025-03-16 02:00:00,83869.32,84130.39,83733.86,83966.05,320.67384
2025-03-16 03:00:00,83966.05,84393.72,83906.26,84332.34,252.10048
2025-03-16 04:00:00,84332.35,84418.0,84245.98,84408.97,266.06424
2025-03-16 05:00:00,84408.97,84411.85,84305.95,84395.31,207.70079
2025-03-16 06:00:00,84395.31,84400.0,84228.0,84228.0,145.78217
2025-03-16 07:00:00,84228.01,84373.64,83972.57,84273.96,345.16527
2025-03-16 08:00:00,84273.95,84335.43,84162.83,84268.36,218.05774
2025-03-16 09:00:00,84268.36,84271.03,83800.0,83897.02,456.91285
2025-03-16 10:00:00,83897.02,84066.92,83649.04,83666.98,458.6363
2025-03-16 11:00:00,83666.98,83691.61,82381.46,82410.02,1849.0388
2025-03-16 12:00:00,82410.01,82931.41,82400.0,82755.89,1045.99634
2025-03-16 13:00:00,82755.89,83151.81,82498.38,82596.1,1101.71905
2025-03-16 14:00:00,82596.09,83385.97,82575.36,83373.16,862.87399
2025-03-16 15:00:00,83373.15,83508.95,82981.14,83320.83,771.86427
2025-03-16 16:00:00,83320.83,85117.04,83293.42,83634.53,3344.71639
2025-03-16 17:00:00,83633.49,84118.56,83483.45,83913.22,905.46005
2025-03-16 18:00:00,83913.22,84094.52,83633.14,83701.75,531.09149
2025-03-16 19:00:00,83701.76,83727.28,82562.36,83098.47,1100.6719
2025-03-16 20:00:00,83098.47,83453.01,82910.77,83216.98,547.08888
2025-03-16 21:00:00,83216.99,83224.31,82688.82,82766.52,482.34007
2025-03-16 22:00:00,82766.51,82846.0,82090.7,82093.71,911.28605
2025-03-16 23:00:00,82093.72,82632.0,81981.12,82574.53,829.66854
2025-03-17 00:00:00,82574.52,83156.5,82523.0,83054.91,514.41819
2025-03-17 01:00:00,83054.9,83400.0,82825.55,83233.8,552.38898
2025-03-17 02:00:00,83233.8,83375.35,82981.68,83212.51,364.65635
2025-03-17 03:00:00,83212.51,83725.39,83212.5,83675.65,708.95371
2025-03-17 04:00:00,83675.64,83869.77,83522.0,83615.53,468.72749
2025-03-17 05:00:00,83615.53,83615.53,83120.0,83120.0,603.93675
2025-03-17 06:00:00,83120.01,83295.07,82682.62,83220.91,642.44701
2025-03-17 07:00:00,83220.91,83636.36,83212.83,83567.87,721.46174
2025-03-17 08:00:00,83567.88,83719.39,83221.18,83547.17,511.92445
2025-03-17 09:00:00,83547.16,83783.02,83431.09,83664.31,550.97551
2025-03-17 10:00:00,83664.31,83687.17,83260.04,83344.34,424.06115
2025-03-17 11:00:00,83344.34,83699.0,83220.11,83514.73,417.30684
2025-03-17 12:00:00,83514.73,84000.0,83002.01,83052.0,1602.93914
2025-03-17 13:00:00,83052.01,83735.84,82808.52,83023.38,1353.72595
2025-03-17 14:00:00,83023.37,83358.5,82456.0,82913.03,1546.82937
2025-03-17 15:00:00,82913.03,83701.71,82706.58,83531.06,969.57355
2025-03-17 16:00:00,83531.07,83878.9,83103.6,83448.86,972.11069
2025-03-17 17:00:00,83448.86,84336.89,83358.49,84197.46,1045.92714
2025-03-17 18:00:00,84197.46,84585.0,83983.74,84496.58,1090.21429
2025-03-17 19:00:00,84496.57,84756.83,84311.07,84482.55,725.81983
2025-03-17 20:00:00,84482.55,84506.8,83846.15,83954.36,506.33404
2025-03-17 21:00:00,83954.36,84251.86,83883.87,84077.8,377.45641
2025-03-17 22:00:00,84077.8,84249.99,84000.02,84061.19,218.83761
2025-03-17 23:00:00,84061.19,84140.98,83746.12,84010.03,323.71739
2025-03-18 00:00:00,84010.02,84021.74,83702.53,83790.24,280.13543
2025-03-18 01:00:00,83790.24,83915.98,83015.39,83161.97,903.36529
2025-03-18 02:00:00,83161.98,83532.61,83081.67,83367.64,445.46915
2025-03-18 03:00:00,83367.65,83367.65,82960.0,83147.6,598.19056
2025-03-18 04:00:00,83147.6,83205.77,82838.8,82989.11,621.0049
2025-03-18 05:00:00,82989.11,83128.1,82895.57,83010.87,743.9242
2025-03-18 06:00:00,83010.86,83019.4,82244.68,82450.01,1234.9382
2025-03-18 07:00:00,82450.02,83280.0,82358.69,83163.81,1191.95624
2025-03-18 08:00:00,83163.81,83452.3,83048.71,83281.29,526.74962
2025-03-18 09:00:00,83281.29,83349.06,82780.0,82840.51,458.74305
2025-03-18 10:00:00,82840.5,82942.1,82596.85,82819.65,479.85282
2025-03-18 11:00:00,82819.65,82861.76,82500.0,82581.1,394.26285
2025-03-18 12:00:00,82581.09,82821.6,82330.38,82404.66,658.78879
2025-03-18 13:00:00,82404.65,82480.47,81134.66,81366.64,2072.84164
2025-03-18 14:00:00,81365.78,81978.86,81150.28,81854.71,1493.47462
2025-03-18 15:00:00,81854.72,82212.93,81537.02,81610.21,1017.77265
2025-03-18 16:00:00,81610.22,82160.49,81547.22,81851.51,678.82544
2025-03-18 17:00:00,81851.52,81975.8,81332.58,81466.7,894.91848
2025-03-18 18:00:00,81466.69,81950.8,81245.65,81889.38,568.60084
2025-03-18 19:00:00,81889.38,82476.26,81762.45,82317.21,898.10914
2025-03-18 20:00:00,82317.2,82353.8,81870.23,82050.0,438.19738
2025-03-18 21:00:00,82050.0,82208.9,81934.76,82062.98,250.73575
2025-03-18 22:00:00,82062.98,82566.35,82000.0,82395.74,392.05825
2025-03-18 23:00:00,82395.74,82810.95,82395.74,82715.03,367.98354
2025-03-19 00:00:00,82715.03,83280.0,82603.2,83118.0,948.61607
2025-03-19 01:00:00,83118.0,83166.3,82582.0,82598.7,749.40105
2025-03-19 02:00:00,82598.7,82900.0,82547.16,82868.91,424.72904
2025-03-19 03:00:00,82868.91,83083.0,82740.94,83037.17,628.95132
2025-03-19 04:00:00,83037.17,83078.46,82792.91,82952.87,399.46826
2025-03-19 05:00:00,82952.88,83320.0,82910.72,83241.99,603.39392
2025-03-19 06:00:00,83242.0,83322.81,83117.81,83200.0,354.68616
2025-03-19 07:00:00,83200.0,83364.16,83039.99,83190.0,531.22582
2025-03-19 08:00:00,83190.0,83500.0,83178.74,83413.01,651.99833
2025-03-19 09:00:00,83413.01,83596.47,83360.16,83527.37,851.15994
2025-03-19 10:00:00,83527.38,83800.0,83448.62,83467.41,859.93957
2025-03-19 11:00:00,83467.41,84119.09,83381.97,83881.4,1193.46598
2025-03-19 12:00:00,83881.4,83927.56,83510.21,83748.75,931.05539
2025-03-19 13:00:00,83748.75,84343.56,83623.43,84092.16,1810.23924
2025-03-19 14:00:00,84092.17,84389.71,83873.05,84318.59,1651.63215
2025-03-19 15:00:00,84318.59,84888.0,84111.84,84733.05,1440.0209
2025-03-19 16:00:00,84733.05,84826.29,84428.72,84574.01,1422.34293
2025-03-19 17:00:00,84574.01,84705.56,83753.39,84230.97,1625.57252
2025-03-19 18:00:00,84230.97,85870.01,83578.32,85612.25,4366.47391
2025-03-19 19:00:00,85612.24,85950.0,84926.73,85433.38,2451.04868
2025-03-19 20:00:00,85433.38,85854.99,85200.1,85353.99,1272.17922
2025-03-19 21:00:00,85354.0,85914.71,85331.89,85635.99,480.21091
2025-03-19 22:00:00,85636.0,86500.0,85635.99,86158.52,1291.15663
2025-03-19 23:00:00,86158.52,87000.0,86158.52,86845.94,1212.0858
2025-03-20 00:00:00,86845.93,87453.67,85942.16,86017.68,2268.33245
2025-03-20 01:00:00,86017.68,86369.57,85733.11,85867.96,943.13783
2025-03-20 02:00:00,85867.97,86121.87,85619.56,86065.51,664.59119
2025-03-20 03:00:00,86065.51,86128.0,85818.77,85891.02,430.06208
2025-03-20 04:00:00,85891.01,85930.39,85430.38,85684.78,557.66112
2025-03-20 05:00:00,85684.78,85838.85,85468.75,85827.28,879.80074
2025-03-20 06:00:00,85827.27,86013.05,85632.08,85759.28,537.82095
2025-03-20 07:00:00,85759.29,86000.0,85695.86,85816.39,414.39218
2025-03-20 08:00:00,85816.39,86300.0,85705.18,86241.05,580.18306
2025-03-20 09:00:00,86241.06,86268.64,85795.53,85877.28,474.26737
2025-03-20 10:00:00,85877.28,85943.74,84755.14,85173.78,1525.49548
2025-03-20 11:00:00,85173.78,85514.15,85168.36,85502.17,469.16074
2025-03-20 12:00:00,85502.16,85564.0,85207.99,85356.07,443.50635
2025-03-20 13:00:00,85356.06,85870.0,85080.57,85513.81,1078.68485
2025-03-20 14:00:00,85513.44,86532.04,85471.1,86171.86,1757.65291
2025-03-20 15:00:00,86171.86,86219.05,84565.16,84691.76,2658.1053
2025-03-20 16:00:00,84691.27,84908.0,83655.23,83802.01,2113.09312
2025-03-20 17:00:00,83802.01,84366.52,83741.62,84093.43,1306.38278
2025-03-20 18:00:00,84093.43,84344.0,83945.65,84060.53,640.18218
2025-03-20 19:00:00,84060.53,84419.99,83922.0,84174.79,556.02857
2025-03-20 20:00:00,84176.87,84609.21,84141.3,84530.1,484.79628
2025-03-20 21:00:00,84530.09,84601.89,84250.67,84350.0,411.19854
2025-03-20 22:00:00,84350.0,84500.0,83980.58,84141.31,494.26998
2025-03-20 23:00:00,84141.3,84360.0,83922.01,84223.39,401.49858
2025-03-21 00:00:00,84223.38,84535.27,84180.09,84507.07,382.39992
2025-03-21 01:00:00,84507.08,84789.62,84371.37,84775.07,348.21253
2025-03-21 02:00:00,84775.07,84850.33,84520.67,84685.4,336.72525
2025-03-21 03:00:00,84685.39,84731.21,84270.25,84451.96,335.46598
2025-03-21 04:00:00,84451.97,84798.93,84451.96,84662.74,337.33979
2025-03-21 05:00:00,84662.75,84672.88,84336.95,84469.66,281.44277
2025-03-21 06:00:00,84469.67,84476.31,84017.53,84200.0,776.05419
2025-03-21 07:00:00,84200.0,84269.71,83700.47,83937.98,762.07705
2025-03-21 08:00:00,83937.99,84156.0,83732.09,84022.32,431.88665
2025-03-21 09:00:00,84022.31,84337.66,83801.89,84137.99,419.98348
2025-03-21 10:00:00,84137.99,84286.63,83892.82,84164.17,320.85737
2025-03-21 11:00:00,84164.18,84173.92,83941.92,84046.52,313.69765
2025-03-21 12:00:00,84046.52,84358.51,83377.95,83467.98,925.01088
2025-03-21 13:00:00,83467.98,84101.28,83175.25,83935.7,1163.35707
2025-03-21 14:00:00,83935.71,84290.27,83509.31,84240.33,821.90289
2025-03-21 15:00:00,84240.33,84271.74,83559.82,83565.48,563.57801
2025-03-21 16:00:00,83565.47,84140.78,83379.0,84095.97,754.01133
2025-03-21 17:00:00,84095.97,84148.97,83711.2,84024.11,435.76594
2025-03-21 18:00:00,84024.12,84435.87,83905.49,84101.66,643.58473
2025-03-21 19:00:00,84101.66,84199.29,83800.0,83956.36,396.26692
2025-03-21 20:00:00,83956.35,84231.73,83813.21,84216.2,334.98292
2025-03-21 21:00:00,84216.21,84584.0,84173.92,84394.0,415.26153
2025-03-21 22:00:00,84394.01,84414.86,84100.82,84185.39,225.94187
2025-03-21 23:00:00,84185.38,84226.26,84050.16,84088.79,231.16771
2025-03-22 00:00:00,84088.79,84255.45,84043.47,84206.24,284.79547
2025-03-22 01:00:00,84206.24,84338.98,83989.58,84075.48,280.44797
2025-03-22 02:00:00,84075.48,84254.74,84019.64,84188.96,197.76333
2025-03-22 03:00:00,84188.97,84296.02,84135.89,84256.74,243.93485
2025-03-22 04:00:00,84256.73,84392.16,84210.0,84367.4,178.54541
2025-03-22 05:00:00,84367.41,84429.09,84258.62,84323.3,183.25451
2025-03-22 06:00:00,84323.3,84400.0,84153.21,84335.83,193.48849
2025-03-22 07:00:00,84335.83,84382.36,84220.9,84274.72,199.70833
2025-03-22 08:00:00,84274.71,84286.58,84109.0,84222.01,223.78121
2025-03-22 09:00:00,84222.01,84539.17,84222.01,84360.01,322.33818
2025-03-22 10:00:00,84360.01,84440.0,84360.0,84413.62,127.10886
2025-03-22 11:00:00,84413.63,84419.8,84204.68,84239.25,198.34352
2025-03-22 12:00:00,84239.24,84296.39,84176.49,84232.39,218.30063
2025-03-22 13:00:00,84232.4,84242.3,84040.99,84168.31,255.7496
2025-03-22 14:00:00,84168.31,84203.69,84001.71,84007.23,274.82755
2025-03-22 15:00:00,84007.23,84130.43,83975.42,84109.09,268.67853
2025-03-22 16:00:00,84109.08,84160.0,84063.53,84141.0,210.7468
2025-03-22 17:00:00,84141.0,84258.42,84130.57,84238.83,187.6109
2025-03-22 18:00:00,84238.83,84320.0,84191.52,84239.14,250.47953
2025-03-22 19:00:00,84239.14,84271.74,84162.04,84171.59,169.93759
2025-03-22 20:00:00,84171.59,84204.19,83944.69,83944.69,244.7941
2025-03-22 21:00:00,83944.7,84103.99,83841.41,84010.87,216.42605
2025-03-22 22:00:00,84010.87,84069.75,83958.82,83961.39,143.99744
2025-03-22 23:00:00,83961.39,83961.39,83625.1,83840.59,345.16229
2025-03-23 00:00:00,83840.59,84048.54,83809.75,84007.0,228.18973
2025-03-23 01:00:00,84007.0,84132.59,83978.74,84067.56,162.78143
2025-03-23 02:00:00,84067.57,84277.07,83993.12,84233.78,195.88491
2025-03-23 03:00:00,84233.78,84250.02,84131.81,84224.39,148.34163
2025-03-23 04:00:00,84224.39,84229.37,84070.22,84100.0,177.81647
2025-03-23 05:00:00,84099.99,84240.0,84099.99,84230.1,102.65029
2025-03-23 06:00:00,84230.11,84288.62,84192.57,84242.24,135.71372
2025-03-23 07:00:00,84242.25,84328.24,84216.98,84279.82,120.90156
2025-03-23 08:00:00,84279.82,84354.2,84263.05,84347.12,208.36154
2025-03-23 09:00:00,84347.12,84376.25,84320.0,84325.66,170.00464
2025-03-23 10:00:00,84325.67,84500.0,84314.31,84461.98,220.59011
2025-03-23 11:00:00,84461.98,85027.32,84461.97,84679.99,1038.99732
2025-03-23 12:00:00,84680.0,84811.48,84573.4,84725.24,314.80166
2025-03-23 13:00:00,84725.24,85108.47,84644.24,85093.59,630.37542
2025-03-23 14:00:00,85093.59,85214.35,84850.43,84899.76,579.89326
2025-03-23 15:00:00,84899.77,85254.17,84899.76,85189.41,440.6707
2025-03-23 16:00:00,85189.41,85394.37,84942.77,85250.0,588.31748
2025-03-23 17:00:00,85250.01,85413.05,84876.87,85017.66,462.33011
2025-03-23 18:00:00,85017.67,85036.0,84800.0,84972.78,336.96182
2025-03-23 19:00:00,84972.79,85080.0,84903.94,85011.19,193.581
2025-03-23 20:00:00,85011.2,85272.65,85011.19,85102.62,223.47842
2025-03-23 21:00:00,85102.61,85184.0,84923.91,85179.99,220.04471
2025-03-23 22:00:00,85179.99,85679.18,85160.37,85361.21,672.70218
2025-03-23 23:00:00,85361.22,86129.64,85361.22,86082.5,888.58802
2025-03-24 00:00:00,86082.5,86641.13,85865.64,86021.74,1253.7974
2025-03-24 01:00:00,86021.74,86038.78,85528.38,85563.04,808.31786
2025-03-24 02:00:00,85563.03,85950.0,85519.09,85883.16,491.12974
2025-03-24 03:00:00,85883.16,86577.15,85875.91,86532.07,1018.39825
2025-03-24 04:00:00,86532.07,86932.47,86532.06,86841.83,1254.55624
2025-03-24 05:00:00,86841.83,87027.32,86812.05,86899.73,899.4714
2025-03-24 06:00:00,86899.72,87300.0,86899.72,87113.37,1182.96937
2025-03-24 07:00:00,87113.37,87178.52,86753.1,86874.52,840.27046
2025-03-24 08:00:00,86874.52,87519.38,86838.76,87416.35,1152.73374
2025-03-24 09:00:00,87416.34,87513.52,87125.72,87163.73,697.87829
2025-03-24 10:00:00,87163.73,87909.99,87129.63,87801.27,1152.2906
2025-03-24 11:00:00,87801.28,87858.82,87515.25,87689.52,731.38051
2025-03-24 12:00:00,87689.52,87711.7,87246.89,87328.1,1023.53081
2025-03-24 13:00:00,87328.09,87710.33,87138.6,87704.46,1429.38625
2025-03-24 14:00:00,87704.47,88765.43,87640.77,87961.9,4043.87489
2025-03-24 15:00:00,87961.9,88372.0,87678.06,88350.01,1848.70464
2025-03-24 16:00:00,88350.01,88499.98,87690.59,88057.54,1818.05892
2025-03-24 17:00:00,88057.53,88486.55,87941.06,88461.88,1471.3501
2025-03-24 18:00:00,88461.88,88536.0,88123.11,88464.38,915.48486
2025-03-24 19:00:00,88464.38,88508.0,87967.82,88222.0,1445.9412
2025-03-24 20:00:00,88222.01,88481.14,87807.62,87832.0,1094.06938
2025-03-24 21:00:00,87832.0,88274.0,87797.21,88100.01,1366.12115
2025-03-24 22:00:00,88100.01,88184.79,87302.88,87457.65,1519.59209
2025-03-24 23:00:00,87457.66,87537.22,87050.6,87498.16,656.31296
2025-03-25 00:00:00,87498.16,87679.25,87262.0,87599.99,716.31289
2025-03-25 01:00:00,87600.0,87600.0,86813.16,87088.31,821.47808
2025-03-25 02:00:00,87088.31,87088.31,86820.29,86854.94,499.30174
2025-03-25 03:00:00,86854.94,86984.16,86330.66,86520.88,930.82585
2025-03-25 04:00:00,86520.89,86666.66,86310.0,86547.17,652.1185
2025-03-25 05:00:00,86547.16,86772.72,86400.0,86656.07,763.58885
2025-03-25 06:00:00,86656.06,86879.77,86524.0,86534.5,672.24724
2025-03-25 07:00:00,86534.49,86815.22,86332.87,86436.82,837.8247
2025-03-25 08:00:00,86436.82,86764.46,86406.49,86714.79,590.42873
2025-03-25 09:00:00,86714.8,87350.0,86642.0,87221.66,856.95188
2025-03-25 10:00:00,87221.65,87285.99,86947.21,87130.14,512.36018
2025-03-25 11:00:00,87130.14,87500.0,87051.56,87370.43,720.34277
2025-03-25 12:00:00,87370.44,87443.4,86929.46,87084.02,820.26612
2025-03-25 13:00:00,87084.01,87992.0,87043.47,87594.4,1842.02583
2025-03-25 14:00:00,87594.41,88228.0,87333.34,88022.4,1612.85101
2025-03-25 15:00:00,88022.39,88258.8,87713.62,87774.37,1355.39717
2025-03-25 16:00:00,87774.37,87979.99,87633.01,87792.4,925.68272
2025-03-25 17:00:00,87792.41,88321.27,87792.41,87937.27,781.72672
2025-03-25 18:00:00,87937.27,88059.99,87588.59,87822.0,677.98013
2025-03-25 19:00:00,87822.0,88250.0,87816.67,88116.23,883.99101
2025-03-25 20:00:00,88116.23,88539.63,87807.32,87849.98,1448.76327
2025-03-25 21:00:00,87849.99,88198.12,87702.92,87746.0,1029.18285
2025-03-25 22:00:00,87746.0,87805.82,87161.32,87464.73,1483.32257
2025-03-25 23:00:00,87464.72,87503.45,87132.65,87392.87,1208.28167
2025-03-26 00:00:00,87392.88,87814.0,87199.99,87652.0,743.29052
2025-03-26 01:00:00,87652.0,87892.14,87567.42,87836.04,483.00014
2025-03-26 02:00:00,87836.04,87836.04,87300.0,87324.6,567.91066
2025-03-26 03:00:00,87324.61,87405.37,87030.56,87153.51,581.95224
2025-03-26 04:00:00,87153.5,87455.64,87052.0,87326.78,593.36059
2025-03-26 05:00:00,87326.79,87630.0,87215.69,87520.35,667.80685
2025-03-26 06:00:00,87520.36,87923.92,87442.83,87909.07,540.14228
2025-03-26 07:00:00,87909.07,88275.0,87754.35,88140.45,1053.47194
2025-03-26 08:00:00,88140.45,88200.0,87886.1,87959.73,525.11331
2025-03-26 09:00:00,87959.73,88056.61,87837.49,87939.99,393.0975
2025-03-26 10:00:00,87940.0,88259.81,87939.99,88208.47,556.20541
2025-03-26 11:00:00,88208.47,88242.0,87923.91,87954.96,940.31797
2025-03-26 12:00:00,87954.97,88000.0,87586.72,87813.17,825.39906
2025-03-26 13:00:00,87813.16,87920.08,86719.0,86841.31,1682.40584
2025-03-26 14:00:00,86841.3,87294.05,86434.36,86773.14,1940.95752
2025-03-26 15:00:00,86773.14,87018.87,86546.23,86752.52,1188.33868
2025-03-26 16:00:00,86752.52,87058.4,86391.3,86513.99,751.20508
2025-03-26 17:00:00,86513.99,86829.88,86476.88,86569.99,568.00228
2025-03-26 18:00:00,86570.0,86750.01,86181.39,86198.53,562.82437
2025-03-26 19:00:00,86198.52,86800.77,85860.0,86567.19,1124.92816
2025-03-26 20:00:00,86567.18,87404.34,86520.1,87280.0,896.05809
2025-03-26 21:00:00,87280.0,87302.0,86728.91,87109.65,541.36601
2025-03-26 22:00:00,87109.64,87147.92,86753.52,86829.48,347.87603
2025-03-26 23:00:00,86829.48,86952.2,86562.0,86909.17,333.75432
2025-03-27 00:00:00,86909.17,87308.0,86796.26,87285.29,439.26833
2025-03-27 01:00:00,87285.3,87519.38,87178.79,87378.87,484.20578
2025-03-27 02:00:00,87378.88,87756.39,87338.79,87575.39,474.68254
2025-03-27 03:00:00,87575.38,87675.0,87434.78,87670.18,493.00757
2025-03-27 04:00:00,87670.17,87691.34,87411.42,87521.61,389.92917
2025-03-27 05:00:00,87521.6,87521.6,87262.55,87314.72,498.02432
2025-03-27 06:00:00,87314.71,87547.6,87280.0,87352.68,421.13139
2025-03-27 07:00:00,87352.68,87439.3,87249.68,87399.99,466.03302
2025-03-27 08:00:00,87399.99,87597.6,87255.63,87434.82,539.0982
2025-03-27 09:00:00,87434.82,87537.74,87385.85,87415.56,453.07467
2025-03-27 10:00:00,87415.57,87597.6,87108.99,87195.59,529.03139
2025-03-27 11:00:00,87195.59,87316.29,86787.0,86943.52,674.57069
2025-03-27 12:00:00,86943.51,87110.1,86724.85,86761.05,665.70609
2025-03-27 13:00:00,86761.04,86861.71,85800.0,86383.83,2610.92782
2025-03-27 14:00:00,86383.82,87321.56,86189.19,87297.33,2709.46975
2025-03-27 15:00:00,87297.34,87575.0,86752.58,86974.07,1554.66361
2025-03-27 16:00:00,86974.07,87271.43,86805.2,86835.24,671.69986
2025-03-27 17:00:00,86835.24,87150.95,86796.0,86913.05,596.49192
2025-03-27 18:00:00,86913.04,87420.0,86876.0,87206.52,473.09632
2025-03-27 19:00:00,87206.52,87429.21,87022.99,87060.41,473.80058
2025-03-27 20:00:00,87060.4,87346.07,86943.04,87307.57,454.46299
2025-03-27 21:00:00,87307.57,87728.27,87239.13,87568.68,488.70362
2025-03-27 22:00:00,87568.67,87600.0,87309.97,87350.71,263.44675
2025-03-27 23:00:00,87350.7,87361.07,87128.01,87232.01,273.51259
2025-03-28 00:00:00,87232.01,87402.08,86929.58,87354.01,438.18173
2025-03-28 01:00:00,87354.01,87515.67,87116.0,87230.29,516.42696
2025-03-28 02:00:00,87230.3,87327.98,86950.75,86987.77,388.73132
2025-03-28 03:00:00,86987.78,87018.36,86750.0,86787.16,568.38044
2025-03-28 04:00:00,86787.17,86832.64,85952.54,86305.38,1475.68093
2025-03-28 05:00:00,86305.38,86305.38,85827.97,86059.02,1025.35492
2025-03-28 06:00:00,86059.02,86250.0,85648.25,85719.27,1011.00124
2025-03-28 07:00:00,85719.27,85888.6,85162.48,85212.99,2159.05919
2025-03-28 08:00:00,85212.98,85441.25,85050.01,85213.87,1389.5787
2025-03-28 09:00:00,85213.87,85417.47,85005.0,85148.0,1298.56622
2025-03-28 10:00:00,85148.0,85250.79,84896.0,84941.49,988.61456
2025-03-28 11:00:00,84941.49,85255.26,84800.0,85255.26,1274.00029
2025-03-28 12:00:00,85255.25,85609.74,84888.0,85028.27,1145.41519
2025-03-28 13:00:00,85028.27,85575.68,84904.96,84994.0,1317.0906
2025-03-28 14:00:00,84994.0,85120.19,84148.8,84172.01,3331.05298
2025-03-28 15:00:00,84172.01,84530.45,83953.86,84051.16,2589.07955
2025-03-28 16:00:00,84051.15,84217.61,83671.9,83794.73,1152.23131
2025-03-28 17:00:00,83794.72,84010.41,83585.0,84008.45,1114.8659
2025-03-28 18:00:00,84008.46,84169.52,83720.0,83880.0,755.86923
2025-03-28 19:00:00,83879.99,83893.48,83636.36,83790.73,834.89668
2025-03-28 20:00:00,83790.74,84160.38,83714.28,83794.41,1271.03433
2025-03-28 21:00:00,83794.41,84110.36,83697.83,84052.29,295.77685
2025-03-28 22:00:00,84052.29,84480.36,84052.29,84480.35,382.78331
2025-03-28 23:00:00,84480.35,84538.69,84200.01,84424.38,459.05926
2025-03-29 00:00:00,84424.38,84624.73,84353.49,84396.89,414.88307
2025-03-29 01:00:00,84396.89,84502.42,84216.0,84281.9,283.36385
2025-03-29 02:00:00,84281.91,84423.53,83817.23,83851.4,407.56827
2025-03-29 03:00:00,83851.39,84254.72,83709.67,84166.3,420.1986
2025-03-29 04:00:00,84166.3,84258.45,83968.81,84072.96,287.24956
2025-03-29 05:00:00,84072.97,84093.99,83858.22,84012.64,235.85366
2025-03-29 06:00:00,84012.65,84012.65,83672.74,83787.28,335.98213
2025-03-29 07:00:00,83787.28,83892.0,83662.86,83731.82,244.43629
2025-03-29 08:00:00,83731.83,83944.36,83666.65,83934.95,340.17747
2025-03-29 09:00:00,83934.94,83947.42,83266.65,83544.8,720.14163
2025-03-29 10:00:00,83544.8,83559.23,82820.85,82927.81,735.21277
2025-03-29 11:00:00,82927.8,83108.08,82007.0,82293.56,1843.3693
2025-03-29 12:00:00,82293.56,82527.7,82145.22,82462.7,634.07629
2025-03-29 13:00:00,82462.69,82863.49,82454.44,82851.95,578.26067
2025-03-29 14:00:00,82851.95,82882.01,82459.0,82504.01,452.6138
2025-03-29 15:00:00,82504.02,82617.01,82383.2,82414.23,295.79723
2025-03-29 16:00:00,82414.22,82683.78,82173.19,82198.43,538.75064
2025-03-29 17:00:00,82198.44,82625.05,81644.81,82332.63,1231.20197
2025-03-29 18:00:00,82332.62,82673.0,82214.88,82343.64,368.88573
2025-03-29 19:00:00,82343.64,82758.41,82209.59,82758.4,370.86895
2025-03-29 20:00:00,82758.4,82787.29,82422.22,82511.17,376.35969
2025-03-29 21:00:00,82511.16,82685.45,82353.51,82518.74,212.79105
2025-03-29 22:00:00,82518.74,82522.0,82258.86,82389.75,188.29229
2025-03-29 23:00:00,82389.75,82679.52,82342.0,82648.54,180.06373
2025-03-30 00:00:00,82648.53,82888.93,82500.0,82799.73,310.37514
2025-03-30 01:00:00,82799.73,83075.48,82762.71,82941.13,445.84784
2025-03-30 02:00:00,82941.14,83372.81,82925.67,83330.0,417.67201
2025-03-30 03:00:00,83330.0,83503.53,83048.88,83088.81,431.74613
2025-03-30 04:00:00,83088.82,83314.42,83078.94,83109.81,213.20024
2025-03-30 05:00:00,83109.81,83230.0,82924.23,82958.3,272.84116
2025-03-30 06:00:00,82958.3,83306.26,82868.96,83178.14,402.67107
2025-03-30 07:00:00,83178.14,83321.16,83068.66,83076.59,349.72683
2025-03-30 08:00:00,83076.58,83406.14,83076.58,83378.09,354.71899
2025-03-30 09:00:00,83378.1,83517.78,83255.83,83502.32,224.07536
2025-03-30 10:00:00,83502.32,83534.64,83061.51,83120.87,292.38935
2025-03-30 11:00:00,83120.86,83360.31,82975.36,83111.76,334.93595
2025-03-30 12:00:00,83111.76,83268.05,82986.75,83072.76,356.53689
2025-03-30 13:00:00,83072.76,83155.17,82543.83,82678.42,1050.99285
2025-03-30 14:00:00,82678.42,83043.59,82608.23,82803.28,466.76708
2025-03-30 15:00:00,82803.28,83067.9,82714.87,82729.57,280.14108
2025-03-30 16:00:00,82729.57,82816.0,82173.91,82284.01,603.14499
2025-03-30 17:00:00,82284.01,82577.99,82050.4,82415.53,398.11075
2025-03-30 18:00:00,82415.54,82799.99,82415.53,82729.65,321.94593
2025-03-30 19:00:00,82729.65,82908.11,82547.69,82548.81,258.33176
2025-03-30 20:00:00,82548.8,82650.95,82393.74,82554.73,201.03005
2025-03-30 21:00:00,82554.73,82703.94,82069.4,82237.68,258.82166
2025-03-30 22:00:00,82237.67,82757.7,81565.0,82438.0,997.38999
2025-03-30 23:00:00,82437.99,82442.94,81902.2,82389.99,621.08198
2025-03-31 00:00:00,82390.0,82444.89,81278.52,81646.89,1156.9047
2025-03-31 01:00:00,81646.9,82272.72,81534.78,81953.03,778.60883
2025-03-31 02:00:00,81954.79,82179.25,81630.01,81922.3,652.55837
2025-03-31 03:00:00,81922.3,82030.0,81468.0,81530.0,549.38711
2025-03-31 04:00:00,81530.0,81879.16,81400.0,81846.01,489.0478
2025-03-31 05:00:00,81846.0,82305.57,81830.0,82166.99,520.56741
2025-03-31 06:00:00,82166.99,82267.66,81919.38,82052.83,641.58631
2025-03-31 07:00:00,82052.82,82303.58,81730.74,81933.51,776.64817
2025-03-31 08:00:00,81933.51,82263.74,81875.05,81899.15,762.80757
2025-03-31 09:00:00,81899.15,81960.56,81339.65,81455.58,965.89557
2025-03-31 10:00:00,81455.59,82215.91,81290.88,82174.16,713.59513
2025-03-31 11:00:00,82174.16,82272.0,81884.49,82205.51,980.63412
2025-03-31 12:00:00,82205.5,83169.82,81885.56,82768.74,1527.48947
2025-03-31 13:00:00,82768.74,82866.02,81656.0,82507.99,2027.95258
2025-03-31 14:00:00,82507.99,83746.23,82507.49,83499.18,2160.57547
2025-03-31 15:00:00,83499.18,83943.08,83390.3,83418.78,1241.90923
2025-03-31 16:00:00,83418.78,83694.29,83246.86,83288.89,658.28656
2025-03-31 17:00:00,83288.88,83545.55,82575.45,82680.34,667.39263
2025-03-31 18:00:00,82680.35,83566.0,82676.0,83291.42,810.73087
2025-03-31 19:00:00,83291.42,83443.38,82400.0,82462.27,798.20925
2025-03-31 20:00:00,82462.26,82846.2,82350.84,82431.32,701.19812
2025-03-31 21:00:00,82431.32,82752.18,82422.0,82563.99,342.52865
2025-03-31 22:00:00,82563.99,82571.98,82265.1,82409.99,260.87647
2025-03-31 23:00:00,82410.0,82886.8,82283.9,82550.01,383.74846
2025-04-01 00:00:00,82550.0,82837.38,82432.74,82651.1,526.95922
2025-04-01 01:00:00,82651.09,82741.8,82460.0,82704.2,440.09093
2025-04-01 02:00:00,82704.2,83120.0,82649.34,83100.0,522.78246
2025-04-01 03:00:00,83100.0,83256.8,82926.08,82962.84,526.15363
2025-04-01 04:00:00,82962.84,83235.96,82886.87,83060.0,425.37874
2025-04-01 05:00:00,83059.99,83329.99,82994.07,83006.67,348.44364
2025-04-01 06:00:00,83006.67,83494.25,82891.71,83454.76,425.66016
2025-04-01 07:00:00,83454.76,83597.07,83380.58,83445.5,622.58551
2025-04-01 08:00:00,83445.5,84207.55,83410.0,84121.94,1217.29279
2025-04-01 09:00:00,84121.94,84395.46,84116.27,84362.0,1018.97186
2025-04-01 10:00:00,84362.01,84504.74,84150.0,84175.99,914.76118
2025-04-01 11:00:00,84175.99,84203.0,83823.67,83930.3,854.54351
2025-04-01 12:00:00,83930.31,84154.22,83615.25,83615.26,734.99256
2025-04-01 13:00:00,83615.26,83912.62,83416.66,83618.23,1152.68104
2025-04-01 14:00:00,83622.96,84350.0,82544.0,84195.92,2522.86047
2025-04-01 15:00:00,84195.92,85499.55,84182.89,85280.87,2484.93075
2025-04-01 16:00:00,85280.88,85493.0,84815.0,85119.99,1208.48492
2025-04-01 17:00:00,85120.0,85333.33,84901.32,85117.85,775.2624
2025-04-01 18:00:00,85117.86,85183.46,84720.0,85126.68,742.89553
2025-04-01 19:00:00,85126.68,85184.89,84816.83,84972.01,897.45326
2025-04-01 20:00:00,84972.0,85350.0,84773.58,85231.28,528.39638
2025-04-01 21:00:00,85231.28,85476.86,85120.0,85223.84,325.84141
2025-04-01 22:00:00,85223.84,85483.38,85082.0,85099.99,477.11302
2025-04-01 23:00:00,85100.0,85579.46,84969.56,85158.34,495.8616
2025-04-02 00:00:00,85158.35,85255.95,84923.28,84964.49,472.95093
2025-04-02 01:00:00,84964.49,85213.12,84854.9,85147.3,597.76896
2025-04-02 02:00:00,85147.31,85174.89,84648.9,84714.36,850.77436
2025-04-02 03:00:00,84714.36,84904.0,84504.21,84550.0,475.50966
2025-04-02 04:00:00,84550.0,84726.42,84460.11,84607.0,444.66226
2025-04-02 05:00:00,84607.0,84607.0,84100.0,84100.0,550.68482
2025-04-02 06:00:00,84100.0,84371.59,83904.72,84125.99,646.4978
2025-04-02 07:00:00,84125.99,84462.16,84015.97,84426.33,642.70738
2025-04-02 08:00:00,84426.32,84762.72,84262.73,84677.04,535.25665
2025-04-02 09:00:00,84677.04,85450.0,84635.6,85019.62,910.86351
2025-04-02 10:00:00,85019.63,85299.45,84828.0,84867.92,592.83032
2025-04-02 11:00:00,84867.92,84985.77,84547.08,84566.91,463.52271
2025-04-02 12:00:00,84566.91,85054.78,84462.69,85049.99,742.57082
2025-04-02 13:00:00,85049.99,86136.36,84471.76,85215.82,2792.28052
2025-04-02 14:00:00,85215.79,86000.0,85181.52,85877.75,2062.01342
2025-04-02 15:00:00,85877.74,87333.0,85811.2,86757.67,5585.70214
2025-04-02 16:00:00,86757.67,87221.99,86589.58,87065.18,2549.14196
2025-04-02 17:00:00,87065.19,87333.0,86350.0,86615.33,2025.44811
2025-04-02 18:00:00,86615.33,86751.79,86212.4,86286.02,685.2329
2025-04-02 19:00:00,86286.03,87000.0,86186.19,86900.02,812.77336
2025-04-02 20:00:00,86900.01,88500.0,85228.39,85659.99,7832.63499
2025-04-02 21:00:00,85659.99,85743.22,84207.26,84855.99,1793.31035
2025-04-02 22:00:00,84855.98,84855.98,82682.0,82821.59,3036.67427
2025-04-02 23:00:00,82821.6,82845.42,82320.0,82516.29,2829.6448
2025-04-03 00:00:00,82516.28,83424.72,82175.98,83227.55,1848.78037
2025-04-03 01:00:00,83227.55,83998.02,83099.99,83761.62,1735.38082
2025-04-03 02:00:00,83761.63,83894.91,83278.99,83768.01,1422.27146
2025-04-03 03:00:00,83768.0,83792.58,83349.65,83483.97,638.13813
2025-04-03 04:00:00,83483.97,83735.85,83263.05,83558.8,630.55266
2025-04-03 05:00:00,83558.81,83709.48,83343.74,83343.75,457.59497
2025-04-03 06:00:00,83343.75,83415.47,83008.74,83058.65,568.50834
2025-04-03 07:00:00,83058.65,83498.1,83000.0,83456.75,774.52407
2025-04-03 08:00:00,83456.76,83788.23,83456.74,83679.99,821.93677
2025-04-03 09:00:00,83680.0,83766.69,83449.92,83483.05,539.18541
2025-04-03 10:00:00,83483.04,83749.99,83152.25,83220.01,1239.61616
2025-04-03 11:00:00,83220.01,83347.39,83047.0,83096.01,608.06162
2025-04-03 12:00:00,83096.01,83147.95,81889.3,81949.06,1872.33047
2025-04-03 13:00:00,81949.06,82792.46,81793.06,82373.58,2339.5139
2025-04-03 14:00:00,82373.57,82403.5,81314.61,81532.0,2364.56
2025-04-03 15:00:00,81532.0,82101.42,81211.24,82039.31,2246.65433
2025-04-03 16:00:00,82039.32,82448.21,81715.55,81830.56,1010.18098
2025-04-03 17:00:00,81830.56,82191.11,81630.74,81830.01,889.36672
2025-04-03 18:00:00,81830.01,82317.99,81540.0,82109.45,990.19965
2025-04-03 19:00:00,82109.45,82362.41,81829.57,82008.7,1247.72636
2025-04-03 20:00:00,82009.76,82421.49,81800.0,82363.99,1289.97749
2025-04-03 21:00:00,82363.99,82864.0,82333.87,82717.54,615.38965
2025-04-03 22:00:00,82717.54,82869.99,82589.61,82743.46,432.33176
2025-04-03 23:00:00,82743.46,83332.2,82510.83,83213.09,755.05926
2025-04-04 00:00:00,83213.09,83413.46,83000.02,83046.32,1239.49006
2025-04-04 01:00:00,83046.32,83358.5,82577.63,82695.91,989.86653
2025-04-04 02:00:00,82695.9,83186.96,82695.9,82910.86,396.19722
2025-04-04 03:00:00,82910.86,83069.96,82679.55,82818.52,416.14503
2025-04-04 04:00:00,82818.53,82920.19,82615.36,82720.32,664.54369
2025-04-04 05:00:00,82720.32,83212.17,82642.29,83200.0,628.6749
2025-04-04 06:00:00,83200.0,83264.16,83041.95,83054.72,400.85192
2025-04-04 07:00:00,83054.73,84000.0,83050.0,83992.85,1397.79534
2025-04-04 08:00:00,83992.85,84650.0,83992.85,84415.99,1616.22236
2025-04-04 09:00:00,84416.0,84720.0,84126.16,84571.38,882.78102
2025-04-04 10:00:00,84571.38,84690.0,82416.72,82567.03,4808.43362
2025-04-04 11:00:00,82565.21,82768.09,81659.0,82680.45,2375.09853
2025-04-04 12:00:00,82680.44,83200.0,82222.0,82879.99,2300.22439
2025-04-04 13:00:00,82879.99,83507.19,82143.48,83335.99,2211.6312
2025-04-04 14:00:00,83335.99,83510.0,81849.05,82573.98,2330.63991
2025-04-04 15:00:00,82573.98,83716.0,82488.88,82860.0,3250.10909
2025-04-04 16:00:00,82860.0,83555.0,82736.0,83392.7,1380.46968
2025-04-04 17:00:00,83392.69,84620.01,82965.78,84460.0,2047.81796
2025-04-04 18:00:00,84459.99,84584.91,83725.14,83989.87,1110.66034
2025-04-04 19:00:00,83989.86,84460.0,83788.0,84009.99,835.2368
2025-04-04 20:00:00,84010.0,84282.0,83492.95,84164.02,600.66797
2025-04-04 21:00:00,84164.02,84450.0,83941.42,84185.8,427.97348
2025-04-04 22:00:00,84185.81,84271.28,84018.86,84056.74,252.04879
2025-04-04 23:00:00,84056.75,84100.0,83650.11,83889.87,351.95993
2025-04-05 00:00:00,83889.87,83889.88,83395.46,83787.6,475.6726
2025-04-05 01:00:00,83787.6,84266.0,83786.86,83979.87,382.38928
2025-04-05 02:00:00,83979.88,84094.57,83799.92,83976.61,371.16159
2025-04-05 03:00:00,83976.61,83976.61,83621.73,83624.01,476.5291
2025-04-05 04:00:00,83624.01,83868.0,83608.8,83677.75,332.91219
2025-04-05 05:00:00,83677.75,83863.36,83630.69,83688.67,231.14548
2025-04-05 06:00:00,83688.68,83724.39,83336.09,83477.3,394.8109
2025-04-05 07:00:00,83477.3,83558.65,83297.66,83525.34,322.08166
2025-04-05 08:00:00,83525.33,83648.63,83359.64,83519.96,287.89755
2025-04-05 09:00:00,83519.97,83865.1,83519.76,83843.29,329.66419
2025-04-05 10:00:00,83843.28,83894.7,83579.27,83641.51,209.98682
2025-04-05 11:00:00,83641.5,83700.52,83443.47,83452.69,405.74172
2025-04-05 12:00:00,83452.69,83550.68,83121.77,83281.41,447.96567
2025-04-05 13:00:00,83281.41,83335.56,82519.37,82755.29,932.44573
2025-04-05 14:00:00,82755.29,83026.0,82672.33,82914.67,391.75612
2025-04-05 15:00:00,82914.67,82914.67,82379.95,82618.26,804.80511
2025-04-05 16:00:00,82618.25,82827.37,82607.05,82739.96,246.00324
2025-04-05 17:00:00,82739.96,82953.2,82681.65,82869.53,200.38381
2025-04-05 18:00:00,82869.53,83109.46,82854.8,83036.13,308.68973
2025-04-05 19:00:00,83036.14,83146.0,82779.62,82860.0,219.10666
2025-04-05 20:00:00,82859.99,83113.67,82833.0,83075.47,404.2801
2025-04-05 21:00:00,83075.48,83237.34,82902.53,82913.89,332.10636
2025-04-05 22:00:00,82913.88,83212.18,82913.88,83188.41,389.57973
2025-04-05 23:00:00,83188.4,83688.0,83128.73,83537.99,463.28934
2025-04-06 00:00:00,83537.99,83620.01,83422.91,83527.22,286.56934
2025-04-06 01:00:00,83527.22,83817.63,83422.0,83428.97,364.62107
2025-04-06 02:00:00,83428.98,83494.43,83274.88,83300.01,242.19659
2025-04-06 03:00:00,83300.01,83403.46,83163.45,83344.14,316.06865
2025-04-06 04:00:00,83344.14,83500.0,83233.04,83499.99,204.86026
2025-04-06 05:00:00,83499.99,83533.01,83312.02,83450.01,301.5538
2025-04-06 06:00:00,83450.0,83468.0,83110.23,83110.24,211.74296
2025-04-06 07:00:00,83110.24,83207.22,83024.96,83024.96,287.04301
2025-04-06 08:00:00,83024.97,83051.33,82727.27,83034.26,452.85296
2025-04-06 09:00:00,83034.27,83172.0,82933.96,83075.15,141.85704
2025-04-06 10:00:00,83075.15,83075.15,82716.49,82870.25,266.71228
2025-04-06 11:00:00,82870.26,82921.48,82666.0,82855.99,346.58534
2025-04-06 12:00:00,82855.99,82981.14,82642.39,82697.99,379.84754
2025-04-06 13:00:00,82698.0,82839.87,82230.43,82306.01,877.13597
2025-04-06 14:00:00,82306.01,82793.0,82217.83,82667.07,748.43351
2025-04-06 15:00:00,82667.08,82819.74,82400.0,82548.36,525.55568
2025-04-06 16:00:00,82548.36,82554.15,81920.0,81970.0,1125.6903
2025-04-06 17:00:00,81969.99,81982.43,80562.0,80808.81,2740.82185
2025-04-06 18:00:00,80808.81,80808.81,78694.99,79107.3,4445.72747
2025-04-06 19:00:00,79107.29,79859.73,78839.89,79614.35,1892.03092
2025-04-06 20:00:00,79614.34,79890.16,78539.44,78867.99,2279.67564
2025-04-06 21:00:00,78867.99,79681.81,78720.0,78950.61,1342.55207
2025-04-06 22:00:00,78950.61,79130.44,77800.0,78063.66,4224.44881
2025-04-06 23:00:00,78063.67,78709.16,77153.83,78430.0,3938.1313
2025-04-07 00:00:00,78430.0,78520.0,77419.9,78327.87,2646.04264
2025-04-07 01:00:00,78327.86,79347.46,78318.0,79142.01,2024.95477
2025-04-07 02:00:00,79142.01,79220.0,78392.15,78447.42,1208.89648
2025-04-07 03:00:00,78447.42,78507.81,77354.0,77707.77,2435.51362
2025-04-07 04:00:00,77707.78,77984.0,76666.0,76989.92,3062.66495
2025-04-07 05:00:00,76989.92,77500.0,76666.01,76942.82,2272.40108
2025-04-07 06:00:00,76942.82,77299.99,74555.0,74810.01,9248.78671
2025-04-07 07:00:00,74810.0,75491.06,74508.0,75126.01,4359.45526
2025-04-07 08:00:00,75126.01,76843.47,75085.74,76266.89,3895.35955
2025-04-07 09:00:00,76266.88,76792.0,75744.08,76274.56,2059.59344
2025-04-07 10:00:00,76274.55,77577.88,76143.82,76983.6,2616.79525
2025-04-07 11:00:00,76983.61,77400.0,76423.27,76685.62,1472.78494
2025-04-07 12:00:00,76685.62,77666.0,76410.62,77335.89,2701.16859
2025-04-07 13:00:00,77335.88,78498.93,75789.01,78365.47,4749.87831
2025-04-07 14:00:00,78365.48,81243.58,77870.01,79033.11,15098.55422
2025-04-07 15:00:00,79033.11,79376.0,77530.0,78479.9,5159.37034
2025-04-07 16:00:00,78479.91,78584.21,77313.2,77434.01,2210.73067
2025-04-07 17:00:00,77434.01,79200.0,77434.0,79074.5,3328.43357
2025-04-07 18:00:00,79076.08,79365.46,78277.77,78484.91,1817.82881
2025-04-07 19:00:00,78484.91,78961.92,78019.9,78130.44,1473.92792
2025-04-07 20:00:00,78130.43,79128.82,78102.91,78955.26,788.56824
2025-04-07 21:00:00,78955.26,79591.92,78684.22,79239.42,997.04459
2025-04-07 22:00:00,79239.41,80218.88,79182.6,79956.47,1195.42635
2025-04-07 23:00:00,79956.47,80083.99,79090.9,79163.24,1563.35059
2025-04-08 00:00:00,79163.24,79599.99,79000.0,79020.04,1021.92218
2025-04-08 01:00:00,79020.04,80811.07,78772.14,80599.99,1819.55645
2025-04-08 02:00:00,80600.0,80867.99,79891.38,79947.05,1277.93081
2025-04-08 03:00:00,79947.05,80198.12,79759.9,79904.0,822.55347
2025-04-08 04:00:00,79904.0,80413.49,79859.9,80300.0,603.14404
2025-04-08 05:00:00,80299.99,80312.0,79536.0,79872.25,1021.79236
2025-04-08 06:00:00,79872.24,79872.24,79279.5,79447.3,821.53728
2025-04-08 07:00:00,79447.29,79714.21,79219.9,79496.0,855.65343
2025-04-08 08:00:00,79496.01,79528.35,78939.0,79154.02,1034.87124
2025-04-08 09:00:00,79154.01,79228.42,78860.49,78900.0,1054.87681
2025-04-08 10:00:00,78900.0,79173.92,78819.65,79003.54,737.04745
2025-04-08 11:00:00,79003.54,80077.65,78961.78,79982.0,1430.93505
2025-04-08 12:00:00,79982.0,80122.0,79559.9,79837.99,1309.14047
2025-04-08 13:00:00,79837.99,80375.0,79381.02,79899.9,2851.38021
2025-04-08 14:00:00,79899.9,80258.0,78474.0,78479.91,2481.53782
2025-04-08 15:00:00,78479.91,78859.85,78175.14,78497.99,2215.66571
2025-04-08 16:00:00,78498.0,78522.72,77357.61,77414.25,2601.21789
2025-04-08 17:00:00,77414.26,77560.0,76556.98,77349.99,3127.01518
2025-04-08 18:00:00,77350.0,77999.99,77082.65,77259.91,1833.69836
2025-04-08 19:00:00,77259.91,77356.0,76334.65,76854.05,3200.81341
2025-04-08 20:00:00,76854.05,77200.79,76606.51,77133.41,853.14727
2025-04-08 21:00:00,77133.4,77285.5,76730.01,77100.0,412.81598
2025-04-08 22:00:00,77100.0,77135.19,76239.9,76731.21,963.72715
2025-04-08 23:00:00,76731.21,76798.0,76307.36,76322.42,965.34061
2025-04-09 00:00:00,76322.42,76868.28,75926.52,76522.07,1811.75453
2025-04-09 01:00:00,76522.07,76595.42,74620.0,76070.53,4724.66887
2025-04-09 02:00:00,76070.53,76473.62,75572.38,75674.44,1774.07613
2025-04-09 03:00:00,75674.45,75869.57,75015.86,75073.33,1469.1856
2025-04-09 04:00:00,75073.34,76915.94,75000.0,76416.34,2745.3233
2025-04-09 05:00:00,76416.33,76820.52,76214.32,76734.83,1382.92585
2025-04-09 06:00:00,76734.83,77317.89,76709.69,76829.02,1366.49318
2025-04-09 07:00:00,76829.01,77979.3,76818.52,77694.12,3645.52951
2025-04-09 08:00:00,77694.12,77880.0,77085.0,77304.35,1261.18448
2025-04-09 09:00:00,77304.35,77540.0,77168.59,77478.26,702.62992
2025-04-09 10:00:00,77478.27,77574.15,76950.0,77190.0,1155.98799
2025-04-09 11:00:00,77191.16,77193.66,75756.86,76230.01,4778.95169
2025-04-09 12:00:00,76230.01,77074.02,76010.21,76760.86,2011.44438
2025-04-09 13:00:00,76763.07,77875.46,76710.89,77698.12,2996.7392
2025-04-09 14:00:00,77698.11,78318.46,76798.87,76870.0,3111.22641
2025-04-09 15:00:00,76870.01,77650.95,76844.01,77258.0,1715.86691
2025-04-09 16:00:00,77258.01,78361.59,77136.0,78267.68,1376.94929
2025-04-09 17:00:00,78267.69,82286.11,77649.99,82202.16,14052.30474
2025-04-09 18:00:00,82202.16,82990.0,81690.03,81788.37,6690.57548
2025-04-09 19:00:00,81788.36,82618.98,81771.39,82332.08,4464.82805
2025-04-09 20:00:00,82332.08,83267.57,81987.89,83204.0,5200.74454
2025-04-09 21:00:00,83204.0,83588.0,82848.49,83284.29,3577.62027
2025-04-09 22:00:00,83284.28,83500.0,82956.52,83056.83,2419.9961
2025-04-09 23:00:00,83056.84,83156.49,82530.43,82615.22,1051.2813
2025-04-10 00:00:00,82615.22,82753.21,82056.19,82352.85,1636.34707
2025-04-10 01:00:00,82352.85,82600.0,82224.9,82249.29,1471.70076
2025-04-10 02:00:00,82249.29,82565.19,82195.77,82200.0,871.82875
2025-04-10 03:00:00,82201.24,82224.45,81472.84,81775.2,1478.04577
2025-04-10 04:00:00,81775.2,82088.75,81640.74,82019.26,563.81007
2025-04-10 05:00:00,82019.26,82241.4,81924.96,82158.03,821.38566
2025-04-10 06:00:00,82158.03,82344.3,81838.03,82156.72,1005.90065
2025-04-10 07:00:00,82156.72,82250.0,81292.99,81595.81,1208.49976
2025-04-10 08:00:00,81595.81,81853.2,81420.29,81549.99,766.64513
2025-04-10 09:00:00,81550.0,82079.57,81349.0,82036.71,819.18784
2025-04-10 10:00:00,82036.72,82130.43,81565.43,81766.05,894.95314
2025-04-10 11:00:00,81766.04,81944.0,81502.02,81882.01,628.40346
2025-04-10 12:00:00,81882.0,82466.35,81459.48,81710.46,2473.3642
2025-04-10 13:00:00,81710.45,81948.0,80764.84,80874.36,2370.78322
2025-04-10 14:00:00,80874.35,81841.58,80634.26,81272.19,2096.33434
2025-04-10 15:00:00,81272.19,81353.1,78606.06,78757.0,5245.58887
2025-04-10 16:00:00,78757.24,79688.0,78464.36,79453.82,2753.55001
2025-04-10 17:00:00,79453.83,79672.46,78616.0,79328.01,1875.76826
2025-04-10 18:00:00,79328.01,79876.61,79223.62,79502.07,1156.09141
2025-04-10 19:00:00,79502.08,80058.96,79304.59,79649.34,1083.53379
2025-04-10 20:00:00,79647.37,79960.97,79570.12,79931.55,634.20811
2025-04-10 21:00:00,79931.56,80035.54,79683.81,79714.52,489.14925
2025-04-10 22:00:00,79714.51,79920.0,79545.45,79693.77,413.86755
2025-04-10 23:00:00,79693.77,79743.33,79377.04,79607.3,525.86011
2025-04-11 00:00:00,79607.3,79750.17,78969.58,79043.48,1377.83878
2025-04-11 01:00:00,79043.48,80459.01,79011.18,80452.72,1401.36338
2025-04-11 02:00:00,80452.71,80829.02,80162.18,80302.05,998.25546
2025-04-11 03:00:00,80302.05,80906.63,80295.72,80842.99,838.60667
2025-04-11 04:00:00,80843.0,81100.0,80720.07,80888.15,712.801
2025-04-11 05:00:00,80888.14,80912.02,80512.22,80816.0,693.58062
2025-04-11 06:00:00,80815.99,81333.0,80815.99,81102.0,1056.33153
2025-04-11 07:00:00,81102.0,81440.73,80850.0,81266.76,1276.65135
2025-04-11 08:00:00,81266.76,81936.71,80782.43,81631.89,2204.94641
2025-04-11 09:00:00,81631.89,82450.23,81450.0,82450.0,1763.29306
2025-04-11 10:00:00,82450.0,82985.71,82304.34,82706.86,1924.43942
2025-04-11 11:00:00,82706.85,82901.02,82020.25,82129.67,1780.09921
2025-04-11 12:00:00,82129.67,82564.0,81819.14,82115.52,1461.08733
2025-04-11 13:00:00,82115.53,83333.0,81816.01,82930.67,2809.45779
2025-04-11 14:00:00,82930.67,82930.67,81341.22,81898.0,2811.61227
2025-04-11 15:00:00,81898.0,82700.0,81716.0,82521.74,1498.55315
2025-04-11 16:00:00,82521.74,83022.98,82015.08,82792.46,1214.14875
2025-04-11 17:00:00,82792.46,84073.0,82695.65,83930.0,2707.88227
2025-04-11 18:00:00,83930.0,84220.0,83520.0,83607.99,1750.93667
2025-04-11 19:00:00,83608.0,83988.49,83565.21,83858.28,1301.10515
2025-04-11 20:00:00,83858.28,84029.13,83716.98,83848.0,978.20383
2025-04-11 21:00:00,83848.01,84300.0,83636.36,83674.01,834.41054
2025-04-11 22:00:00,83674.01,83716.99,83316.36,83415.34,567.06542
2025-04-11 23:00:00,83415.35,83597.94,83162.0,83423.84,472.76791
2025-04-12 00:00:00,83423.83,83572.0,83245.89,83369.08,544.11582
2025-04-12 01:00:00,83369.08,83453.22,83144.57,83217.39,608.12739
2025-04-12 02:00:00,83217.39,83310.05,82800.01,82804.87,534.58873
2025-04-12 03:00:00,82804.86,83140.0,82792.95,82973.13,410.42592
2025-04-12 04:00:00,82973.14,83464.0,82856.86,83208.04,584.64883
2025-04-12 05:00:00,83208.04,83506.39,83198.11,83338.92,359.68833
2025-04-12 06:00:00,83338.92,83790.05,83338.91,83567.42,625.07929
2025-04-12 07:00:00,83567.43,83830.62,83496.56,83724.92,650.14829
2025-04-12 08:00:00,83724.92,84031.87,83480.01,83604.77,954.13183
2025-04-12 09:00:00,83604.77,83766.74,83420.0,83550.0,394.41868
2025-04-12 10:00:00,83550.0,83565.22,83305.91,83420.44,322.84492
2025-04-12 11:00:00,83420.44,83647.93,83420.44,83528.3,354.62284
2025-04-12 12:00:00,83528.3,83936.45,83474.94,83829.86,579.86365
2025-04-12 13:00:00,83829.86,84688.0,83555.12,84458.24,2598.54044
2025-04-12 14:00:00,84458.24,85251.0,84314.62,84827.75,2326.60565
2025-04-12 15:00:00,84827.75,85402.9,84624.73,85008.4,1997.17669
2025-04-12 16:00:00,85008.4,85212.81,84575.15,84659.19,822.00642
2025-04-12 17:00:00,84659.18,84867.51,84421.95,84760.71,536.71418
2025-04-12 18:00:00,84760.71,85193.09,84755.5,85178.01,378.89539
2025-04-12 19:00:00,85178.0,85258.29,84834.75,84943.4,468.33569
2025-04-12 20:00:00,84943.39,85905.0,84877.61,85517.29,1116.86575
2025-04-12 21:00:00,85517.28,85566.28,85260.86,85367.93,620.78416
2025-04-12 22:00:00,85367.93,85701.6,85329.27,85336.01,314.03061
2025-04-12 23:00:00,85336.01,85428.97,85170.0,85276.9,368.08487
2025-04-13 00:00:00,85276.91,85571.12,85012.0,85495.72,519.16586
2025-04-13 01:00:00,85495.72,86100.0,85142.46,85259.77,1921.79914
2025-04-13 02:00:00,85259.76,85451.85,84724.91,85302.22,1987.96886
2025-04-13 03:00:00,85302.21,85724.79,85247.03,85432.31,1663.06089
2025-04-13 04:00:00,85432.31,85436.68,84464.44,84619.98,2229.02689
2025-04-13 05:00:00,84619.98,84804.57,84399.42,84515.58,2128.82276
2025-04-13 06:00:00,84515.57,84849.06,84444.72,84608.69,449.65847
2025-04-13 07:00:00,84608.7,84769.87,84413.09,84413.1,521.59067
2025-04-13 08:00:00,84413.1,84693.2,84277.03,84664.6,526.53348
2025-04-13 09:00:00,84664.61,84948.25,84504.58,84918.24,465.84452
2025-04-13 10:00:00,84918.25,84949.86,84510.0,84686.79,413.68265
2025-04-13 11:00:00,84686.8,84771.25,84216.15,84528.66,703.32717
2025-04-13 12:00:00,84528.66,84700.0,84245.39,84458.75,702.43515
2025-04-13 13:00:00,84458.75,84620.01,83487.72,83599.13,1593.77726
2025-04-13 14:00:00,83599.12,84166.96,83480.67,84093.22,788.58222
2025-04-13 15:00:00,84093.22,84093.23,83665.3,83849.66,667.96537
2025-04-13 16:00:00,83849.66,84424.53,83845.13,84225.97,794.61064
2025-04-13 17:00:00,84225.97,84990.22,84190.04,84754.85,1090.91398
2025-04-13 18:00:00,84754.84,84943.4,84524.14,84730.0,624.69181
2025-04-13 19:00:00,84730.0,84730.0,83050.0,83981.31,1584.07044
2025-04-13 20:00:00,83981.32,84446.31,83154.82,83499.99,1157.47142
2025-04-13 21:00:00,83499.98,83826.09,83034.23,83607.0,879.93296
2025-04-13 22:00:00,83607.0,83882.77,83169.01,83335.99,694.86581
2025-04-13 23:00:00,83335.99,83840.43,83169.03,83760.0,570.24339
2025-04-14 00:00:00,83760.0,85129.69,83678.0,84325.74,1860.02544
2025-04-14 01:00:00,84325.73,84687.1,84048.01,84228.0,1013.96485
2025-04-14 02:00:00,84228.0,85544.3,84036.84,85140.7,3177.66333
2025-04-14 03:00:00,85140.69,85166.84,84445.49,84566.03,3093.33239
2025-04-14 04:00:00,84566.04,85110.0,84415.25,84869.31,1719.13731
2025-04-14 05:00:00,84869.31,84990.57,84343.73,84575.18,599.7972
2025-04-14 06:00:00,84575.19,84644.91,84279.81,84624.21,617.23501
2025-04-14 07:00:00,84624.21,84787.07,84211.06,84580.76,690.45295
2025-04-14 08:00:00,84580.77,84957.27,84440.0,84763.18,771.96623
2025-04-14 09:00:00,84763.18,84912.94,84250.0,84442.72,632.50132
2025-04-14 10:00:00,84442.72,84810.41,84304.34,84656.85,606.42127
2025-04-14 11:00:00,84656.85,84965.34,84500.0,84927.55,661.64623
2025-04-14 12:00:00,84927.56,85227.27,84752.01,85128.76,865.64286
2025-04-14 13:00:00,85129.62,85279.99,84052.65,84376.66,1572.42433
2025-04-14 14:00:00,84376.66,85799.99,84270.0,85423.6,2172.27087
2025-04-14 15:00:00,85423.6,85468.97,83709.25,84101.16,2301.74134
2025-04-14 16:00:00,84101.16,84669.85,83863.63,84341.99,1025.80861
2025-04-14 17:00:00,84342.0,84893.32,84221.9,84859.73,955.77527
2025-04-14 18:00:00,84859.73,85080.0,84687.21,84988.04,933.08495
2025-04-14 19:00:00,84988.03,85208.1,84772.72,84923.07,1578.34239
2025-04-14 20:00:00,84923.07,84971.7,84539.61,84861.82,758.41223
2025-04-14 21:00:00,84861.82,84970.74,84450.01,84706.1,283.86483
2025-04-14 22:00:00,84706.1,84745.7,84430.37,84500.01,419.39516
2025-04-14 23:00:00,84500.01,84782.5,84424.52,84591.58,348.18711
2025-04-15 00:00:00,84591.58,84966.9,84347.97,84930.7,530.29735
2025-04-15 01:00:00,84930.7,85137.53,84542.87,84983.73,689.66111
2025-04-15 02:00:00,84983.73,85300.01,84706.85,85232.83,611.38477
2025-04-15 03:00:00,85232.83,85415.1,85069.86,85379.96,946.11491
2025-04-15 04:00:00,85379.97,85538.28,85157.6,85490.46,802.58491
2025-04-15 05:00:00,85490.47,85879.1,85485.59,85545.71,1089.50557
2025-04-15 06:00:00,85545.71,85692.74,85360.35,85391.35,616.78438
2025-04-15 07:00:00,85391.35,85784.73,85391.34,85716.77,651.68444
2025-04-15 08:00:00,85716.77,85990.0,85657.62,85850.0,993.6294
2025-04-15 09:00:00,85850.0,85989.0,85589.4,85989.0,743.88202
2025-04-15 10:00:00,85989.0,86000.0,85442.0,85638.14,830.95199
2025-04-15 11:00:00,85638.15,85668.1,85351.0,85589.23,506.92157
2025-04-15 12:00:00,85589.23,85819.74,85446.21,85819.74,659.12128
2025-04-15 13:00:00,85819.74,86496.42,85509.69,85589.44,2514.11766
2025-04-15 14:00:00,85589.43,85980.64,84829.79,85146.88,2610.86721
2025-04-15 15:00:00,85146.89,85386.0,84623.73,84918.14,971.92908
2025-04-15 16:00:00,84918.15,85146.55,84779.29,84860.81,470.87307
2025-04-15 17:00:00,84860.81,85003.26,84408.39,84483.23,664.55737
2025-04-15 18:00:00,84483.23,84608.68,84151.68,84196.0,778.79136
2025-04-15 19:00:00,84196.0,84230.86,83921.19,83998.52,759.86799
2025-04-15 20:00:00,83998.51,84205.35,83800.01,84020.01,435.57621
2025-04-15 21:00:00,84020.0,84235.85,83871.26,84178.0,402.79146
2025-04-15 22:00:00,84177.99,84177.99,83688.0,83838.47,720.9801
2025-04-15 23:00:00,83838.47,83860.43,83600.0,83643.99,908.12007
2025-04-16 00:00:00,83643.99,83700.0,83138.66,83146.01,902.74242
2025-04-16 01:00:00,83146.01,83664.56,83111.64,83637.79,778.77206
2025-04-16 02:00:00,83637.79,83930.0,83591.63,83900.0,481.07531
2025-04-16 03:00:00,83900.0,83960.0,83661.96,83695.66,301.13886
2025-04-16 04:00:00,83695.66,83800.0,83381.72,83587.99,737.25691
2025-04-16 05:00:00,83588.0,83814.0,83212.64,83363.0,826.09819
2025-04-16 06:00:00,83362.99,83749.98,83271.02,83643.99,981.89704
2025-04-16 07:00:00,83644.0,83767.27,83307.0,83363.17,526.14277
2025-04-16 08:00:00,83363.17,84112.69,83140.89,83736.79,1274.84501
2025-04-16 09:00:00,83736.79,83939.39,83600.0,83600.01,552.56156
2025-04-16 10:00:00,83600.0,83991.23,83575.96,83937.02,440.91882
2025-04-16 11:00:00,83937.02,84127.05,83782.6,84048.11,564.5172
2025-04-16 12:00:00,84048.36,84262.0,83722.56,83757.72,660.67455
2025-04-16 13:00:00,83757.73,84204.54,83512.2,83736.37,1092.69367
2025-04-16 14:00:00,83736.36,84849.06,83714.31,84605.31,1314.8165
2025-04-16 15:00:00,84605.3,85270.27,84502.02,84846.58,1518.8446
2025-04-16 16:00:00,84846.58,85226.42,84701.23,85048.55,782.33383
2025-04-16 17:00:00,85048.54,85500.0,83275.0,83281.21,2664.59303
2025-04-16 18:00:00,83281.21,84472.31,83276.0,84029.97,2051.7773
2025-04-16 19:00:00,84029.98,84484.23,83802.0,84334.01,729.46623
2025-04-16 20:00:00,84334.0,84657.69,84242.0,84295.99,466.78462
2025-04-16 21:00:00,84296.0,84679.53,84260.86,84545.36,409.6485
2025-04-16 22:00:00,84545.36,84586.41,84302.0,84460.43,304.81542
2025-04-16 23:00:00,84460.43,84493.8,84024.0,84030.38,502.83079
2025-04-17 00:00:00,84030.38,84210.0,83932.66,84210.0,480.1002
2025-04-17 01:00:00,84209.99,84496.0,84118.94,84337.99,254.93961
2025-04-17 02:00:00,84337.98,84337.99,84027.42,84272.86,254.74825
2025-04-17 03:00:00,84272.86,84299.7,83814.48,83994.23,430.64762
2025-04-17 04:00:00,83994.23,84188.59,83900.0,84153.05,398.89207
2025-04-17 05:00:00,84153.05,84491.03,84099.73,84391.3,328.30713
2025-04-17 06:00:00,84391.3,84872.5,84308.25,84773.59,578.51665
2025-04-17 07:00:00,84773.59,85053.38,84597.96,84669.98,733.01179
2025-04-17 08:00:00,84669.98,84763.29,84401.0,84445.54,317.37946
2025-04-17 09:00:00,84445.55,84531.81,84361.0,84477.31,344.92722
2025-04-17 10:00:00,84477.3,84505.09,84191.17,84377.27,243.55712
2025-04-17 11:00:00,84377.28,84764.44,84283.25,84562.0,427.45329
2025-04-17 12:00:00,84562.0,84862.93,84561.99,84775.99,717.89236
2025-04-17 13:00:00,84775.99,84776.0,84318.18,84475.14,800.05542
2025-04-17 14:00:00,84475.14,84475.14,83736.26,84087.08,1181.1413
2025-04-17 15:00:00,84087.09,84698.41,84087.09,84531.71,1022.61961
2025-04-17 16:00:00,84531.72,85090.0,84393.59,84934.0,1394.8889
2025-04-17 17:00:00,84934.0,85208.0,84786.12,85108.66,878.3987
2025-04-17 18:00:00,85108.67,85470.01,84899.71,84899.71,929.23965
2025-04-17 19:00:00,84899.71,85119.47,84495.38,84849.06,870.29545
2025-04-17 20:00:00,84849.05,85140.0,84849.05,85140.0,383.92432
2025-04-17 21:00:00,85140.0,85140.0,84896.24,85062.0,270.75552
2025-04-17 22:00:00,85062.0,85093.4,84720.21,84720.21,255.30188
2025-04-17 23:00:00,84720.22,85013.27,84720.22,84947.91,231.8542
2025-04-18 00:00:00,84947.92,85018.97,84735.35,84817.09,331.38823
2025-04-18 01:00:00,84817.09,85132.08,84817.08,84925.58,329.8579
2025-04-18 02:00:00,84925.59,84976.5,84800.07,84888.0,301.82105
2025-04-18 03:00:00,84888.0,84897.06,84724.6,84828.0,284.67684
2025-04-18 04:00:00,84827.99,84838.52,84598.58,84663.71,300.39751
2025-04-18 05:00:00,84663.7,84737.64,84514.67,84734.97,431.38662
2025-04-18 06:00:00,84734.98,84775.07,84592.01,84721.41,249.89268
2025-04-18 07:00:00,84721.41,84730.64,84413.23,84654.68,541.7865
2025-04-18 08:00:00,84654.68,84764.0,84610.74,84647.32,284.56217
2025-04-18 09:00:00,84647.32,84647.33,84519.66,84548.9,289.30805
2025-04-18 10:00:00,84548.89,84660.38,84485.74,84521.25,342.73799
2025-04-18 11:00:00,84521.25,84669.12,84472.25,84669.11,250.06555
2025-04-18 12:00:00,84669.11,84769.95,84566.16,84645.6,283.92186
2025-04-18 13:00:00,84645.6,84645.6,84478.26,84570.61,311.96897
2025-04-18 14:00:00,84570.61,84619.34,84368.16,84583.13,313.98928
2025-04-18 15:00:00,84583.13,84610.3,84338.0,84374.59,324.83689
2025-04-18 16:00:00,84374.6,84547.04,84303.96,84478.12,247.68307
2025-04-18 17:00:00,84478.12,84603.78,84391.3,84571.92,168.26965
2025-04-18 18:00:00,84571.91,84649.99,84505.06,84616.96,162.33185
2025-04-18 19:00:00,84616.96,84640.0,84512.0,84562.83,140.25037
2025-04-18 20:00:00,84562.83,84626.92,84466.79,84520.12,148.26203
2025-04-18 21:00:00,84520.12,84684.49,84486.92,84621.58,165.72264
2025-04-18 22:00:00,84621.58,84641.5,84425.62,84521.48,150.6171
2025-04-18 23:00:00,84521.49,84521.49,84342.15,84474.69,174.22835
2025-04-19 00:00:00,84474.7,84485.02,84364.45,84436.67,150.92673
2025-04-19 01:00:00,84436.66,84596.5,84424.7,84544.06,171.80102
2025-04-19 02:00:00,84544.07,84829.05,84491.53,84785.8,367.84088
2025-04-19 03:00:00,84785.8,84986.76,84779.0,84883.71,414.87445
2025-04-19 04:00:00,84883.72,85300.0,84883.71,85021.9,942.76304
2025-04-19 05:00:00,85021.89,85225.05,84990.56,85079.99,439.14401
2025-04-19 06:00:00,85080.0,85100.0,84889.96,84921.98,475.42537
2025-04-19 07:00:00,84921.99,85250.0,84921.98,85217.39,402.38216
2025-04-19 08:00:00,85217.38,85396.0,85115.45,85311.63,302.42907
2025-04-19 09:00:00,85311.63,85436.72,85220.14,85328.12,358.6547
2025-04-19 10:00:00,85328.12,85343.22,85147.37,85250.0,280.34551
2025-04-19 11:00:00,85249.99,85287.54,85118.08,85217.4,436.9476
2025-04-19 12:00:00,85217.4,85324.72,85193.51,85295.43,264.18234
2025-04-19 13:00:00,85295.44,85498.77,85201.63,85472.54,455.21546
2025-04-19 14:00:00,85472.53,85500.0,85357.54,85415.09,345.18822
2025-04-19 15:00:00,85415.1,85677.99,85070.0,85191.19,1519.86316
2025-04-19 16:00:00,85191.18,85330.06,84694.49,84845.93,880.38359
2025-04-19 17:00:00,84845.93,85253.0,84829.65,85239.92,335.55555
2025-04-19 18:00:00,85239.92,85320.76,85123.52,85144.64,373.22771
2025-04-19 19:00:00,85144.64,85200.0,85044.67,85085.55,199.95038
2025-04-19 20:00:00,85085.56,85265.95,85015.63,85195.85,127.37715
2025-04-19 21:00:00,85195.85,85367.93,85183.2,85339.53,141.13902
2025-04-19 22:00:00,85339.53,85355.2,85217.39,85259.86,155.47632
2025-04-19 23:00:00,85259.85,85259.86,85067.07,85077.01,125.48809
2025-04-20 00:00:00,85077.0,85226.42,85050.27,85167.99,329.29484
2025-04-20 01:00:00,85167.98,85320.76,85139.7,85320.15,248.37812
2025-04-20 02:00:00,85320.16,85320.76,85202.92,85226.44,158.61851
2025-04-20 03:00:00,85226.44,85266.38,85111.0,85168.81,146.25197
2025-04-20 04:00:00,85168.82,85248.0,85104.85,85185.13,119.07773
2025-04-20 05:00:00,85185.14,85195.75,85088.54,85088.54,128.65862
2025-04-20 06:00:00,85088.55,85160.0,84852.15,84955.42,283.26816
2025-04-20 07:00:00,84955.43,84955.43,84678.18,84784.01,636.69171
2025-04-20 08:00:00,84784.01,84785.0,84617.01,84647.3,238.80157
2025-04-20 09:00:00,84647.3,84647.31,84453.77,84551.14,351.30667
2025-04-20 10:00:00,84551.15,84551.15,84000.0,84184.03,844.03623
2025-04-20 11:00:00,84184.02,84259.94,83949.52,84129.83,451.2566
2025-04-20 12:00:00,84129.82,84488.85,84099.3,84365.56,609.96744
2025-04-20 13:00:00,84365.55,84465.66,84151.03,84315.21,297.68348
2025-04-20 14:00:00,84315.21,84664.0,84251.58,84626.16,380.00648
2025-04-20 15:00:00,84626.16,84630.99,84300.0,84344.66,433.36249
2025-04-20 16:00:00,84344.65,84622.76,84272.74,84604.11,328.38904
2025-04-20 17:00:00,84604.1,84623.0,84451.68,84581.98,161.24385
2025-04-20 18:00:00,84581.98,84636.9,84467.94,84577.78,139.94271
2025-04-20 19:00:00,84577.79,84664.09,84521.73,84651.61,139.48309
2025-04-20 20:00:00,84651.61,85250.0,84616.73,85127.58,693.63733
2025-04-20 21:00:00,85127.58,85244.02,84913.04,85009.27,276.81879
2025-04-20 22:00:00,85009.27,85031.19,84669.73,84835.28,272.57238
2025-04-20 23:00:00,84835.28,85298.0,84835.28,85179.24,422.92944
2025-04-21 00:00:00,85179.24,87010.0,85144.76,86625.68,3732.36432
2025-04-21 01:00:00,86625.69,87450.0,86625.68,87293.07,2940.48179
2025-04-21 02:00:00,87293.08,87640.0,87116.51,87350.01,1834.30291
2025-04-21 03:00:00,87350.0,87612.0,87156.05,87205.56,1026.18836
2025-04-21 04:00:00,87205.56,87390.54,87038.0,87351.14,806.69672
2025-04-21 05:00:00,87351.13,87738.0,87323.55,87550.0,819.12232
2025-04-21 06:00:00,87550.0,87695.66,87370.32,87521.73,603.57534
2025-04-21 07:00:00,87521.74,87621.62,87333.33,87434.78,630.34326
2025-04-21 08:00:00,87434.79,87699.0,87416.85,87569.28,471.87477
2025-04-21 09:00:00,87569.28,87795.26,87300.0,87516.05,1050.03827
2025-04-21 10:00:00,87516.05,87577.0,87250.0,87347.83,619.7016
2025-04-21 11:00:00,87347.82,87351.04,86644.29,86971.92,1164.29091
2025-04-21 12:00:00,86971.92,87538.46,86962.46,87038.71,871.3383
2025-04-21 13:00:00,87038.71,87575.21,86779.97,87028.09,1660.3259
2025-04-21 14:00:00,87028.08,88465.99,86943.39,88208.37,3876.26378
2025-04-21 15:00:00,88208.37,88329.49,87862.93,88044.8,1920.55832
2025-04-21 16:00:00,88044.81,88270.88,87052.18,87176.96,1565.63292
2025-04-21 17:00:00,87176.97,87319.69,86389.78,86847.39,2005.35325
2025-04-21 18:00:00,86847.38,87047.45,86637.47,86786.29,835.76683
2025-04-21 19:00:00,86786.29,87488.0,86712.5,87415.1,1154.45036
2025-04-21 20:00:00,87415.09,87440.5,87144.69,87367.92,445.85734
2025-04-21 21:00:00,87367.92,87385.94,86887.15,87275.0,492.56287
2025-04-21 22:00:00,87275.01,87282.75,86928.74,87168.08,469.52485
2025-04-21 23:00:00,87168.08,87625.68,87030.65,87516.23,776.75733
2025-04-22 00:00:00,87516.22,87731.81,87076.03,87709.85,1336.03829
2025-04-22 01:00:00,87709.86,88877.0,87513.87,88400.01,2420.38751
2025-04-22 02:00:00,88400.0,88684.43,87896.8,88169.21,1117.66736
2025-04-22 03:00:00,88169.21,88282.06,87826.08,88157.55,1074.60544
2025-04-22 04:00:00,88157.55,88368.83,88021.73,88056.79,677.78988
2025-04-22 05:00:00,88056.79,88413.12,87953.86,88391.27,539.11056
2025-04-22 06:00:00,88391.27,88459.03,88000.0,88246.46,556.23716
2025-04-22 07:00:00,88246.46,88486.0,88172.18,88476.83,948.01204
2025-04-22 08:00:00,88476.82,88688.0,88320.0,88414.33,667.61336
2025-04-22 09:00:00,88414.33,88600.0,88312.7,88574.34,616.35026
2025-04-22 10:00:00,88574.33,88596.97,88241.33,88513.71,602.16176
2025-04-22 11:00:00,88513.71,88701.93,88479.66,88614.1,773.70793
2025-04-22 12:00:00,88614.09,89220.35,88482.0,88992.7,1583.02158
2025-04-22 13:00:00,88992.71,90499.0,88944.01,90236.16,5026.97136
2025-04-22 14:00:00,90236.16,90942.15,90026.76,90797.73,3885.34174
2025-04-22 15:00:00,90797.73,91439.46,90383.84,90934.61,4856.8485
2025-04-22 16:00:00,90934.61,91041.97,90624.03,90673.1,1828.95989
2025-04-22 17:00:00,90673.1,91480.0,90666.66,91396.14,1899.09572
2025-04-22 18:00:00,91396.14,91666.0,91140.15,91504.36,1300.89104
2025-04-22 19:00:00,91504.36,91695.0,90905.0,91414.79,1351.76469
2025-04-22 20:00:00,91414.78,91509.75,91065.83,91111.72,806.20698
2025-04-22 21:00:00,91111.72,93888.0,91060.0,93039.99,6118.16636
2025-04-22 22:00:00,93039.99,93354.93,92537.93,92786.19,1634.66903
2025-04-22 23:00:00,92786.19,93860.85,92786.19,93442.99,2251.12861
2025-04-23 00:00:00,93442.99,93909.05,92784.22,92896.99,2091.24557
2025-04-23 01:00:00,92896.99,93496.8,92580.18,92640.0,1413.92377
2025-04-23 02:00:00,92640.0,93254.68,92604.92,92868.77,1092.0426
2025-04-23 03:00:00,92868.76,93223.82,92689.4,93168.91,618.12497
2025-04-23 04:00:00,93168.91,93666.0,93017.46,93665.99,901.69092
2025-04-23 05:00:00,93665.99,93665.99,93280.79,93478.42,860.57425
2025-04-23 06:00:00,93478.43,93863.63,93420.0,93628.13,786.54566
2025-04-23 07:00:00,93628.14,94264.0,93490.9,94133.82,1204.3315
2025-04-23 08:00:00,94133.82,94521.79,93913.04,94285.72,1366.71825
2025-04-23 09:00:00,94285.72,94398.97,93888.52,93888.52,800.21181
2025-04-23 10:00:00,93888.53,93900.0,93340.81,93745.19,1429.75497
2025-04-23 11:00:00,93745.04,93777.95,93324.45,93466.01,713.03617
2025-04-23 12:00:00,93466.01,93857.14,93421.94,93731.4,715.78459
2025-04-23 13:00:00,93731.4,94696.05,92872.16,93020.22,3287.20024
2025-04-23 14:00:00,93020.35,93665.99,92666.01,92940.06,1791.42787
2025-04-23 15:00:00,92940.05,93238.87,91935.41,93195.28,2750.4464
2025-04-23 16:00:00,93195.28,93770.19,92913.04,93641.74,1369.64971
2025-04-23 17:00:00,93641.73,93959.47,93455.85,93894.37,1044.80234
2025-04-23 18:00:00,93894.38,94219.93,93620.89,93620.89,696.68663
2025-04-23 19:00:00,93620.89,93620.89,92963.66,93497.88,907.78449
2025-04-23 20:00:00,93497.88,93879.42,93476.2,93640.0,463.61912
2025-04-23 21:00:00,93640.01,93917.53,93273.06,93485.5,399.0868
2025-04-23 22:00:00,93485.51,93790.21,93238.1,93790.19,365.26246
2025-04-23 23:00:00,93790.19,93841.3,93525.44,93691.08,334.21699
2025-04-24 00:00:00,93691.07,93787.65,93234.31,93357.22,891.30897
2025-04-24 01:00:00,93357.22,93618.88,93060.75,93489.18,619.94878
2025-04-24 02:00:00,93489.18,93631.0,93050.0,93101.23,473.23812
2025-04-24 03:00:00,93101.23,93329.63,92650.0,92673.95,783.62779
2025-04-24 04:00:00,92673.95,92839.46,92385.12,92746.66,1107.29168
2025-04-24 05:00:00,92746.67,92903.94,92527.62,92576.61,422.05332
2025-04-24 06:00:00,92576.6,92666.67,92254.0,92388.69,820.57307
2025-04-24 07:00:00,92388.7,92636.53,92101.63,92203.55,1079.93964
2025-04-24 08:00:00,92203.54,92357.58,91660.01,92017.75,1831.96132
2025-04-24 09:00:00,92017.75,92589.56,91976.76,92476.9,995.55388
2025-04-24 10:00:00,92476.89,92657.69,92370.16,92550.89,612.2703
2025-04-24 11:00:00,92550.89,92640.0,92270.67,92619.94,500.80279
2025-04-24 12:00:00,92619.94,92805.67,92434.78,92777.27,679.77325
2025-04-24 13:00:00,92777.27,92966.34,92554.81,92813.83,1240.39922
2025-04-24 14:00:00,92813.82,93400.0,92619.04,93101.83,1571.34785
2025-04-24 15:00:00,93101.84,93450.0,93011.93,93202.51,955.7157
2025-04-24 16:00:00,93202.52,93595.22,93202.51,93346.08,871.05096
2025-04-24 17:00:00,93346.07,93428.41,92666.62,93011.28,714.13836
2025-04-24 18:00:00,93011.28,93463.67,92999.07,93380.0,426.75122
2025-04-24 19:00:00,93380.0,93649.56,93189.49,93556.12,492.11945
2025-04-24 20:00:00,93556.12,93666.0,93299.14,93390.66,646.10226
2025-04-24 21:00:00,93391.3,93563.37,93024.0,93353.72,332.02854
2025-04-24 22:00:00,93353.73,93582.73,93288.0,93427.98,355.09613
2025-04-24 23:00:00,93427.98,94005.0,93373.33,93980.47,1073.96811
2025-04-25 00:00:00,93980.47,94006.0,93520.0,93896.28,1400.33571
2025-04-25 01:00:00,93896.27,94444.0,93602.83,93678.13,1317.12816
2025-04-25 02:00:00,93678.14,93897.59,92892.0,92992.33,1069.14984
2025-04-25 03:00:00,92992.33,93387.09,92855.96,93311.83,705.52433
2025-04-25 04:00:00,93311.83,93498.0,93047.0,93058.58,668.38248
2025-04-25 05:00:00,93058.58,93419.45,93013.56,93206.05,582.72597
2025-04-25 06:00:00,93206.06,93612.57,93199.99,93538.07,522.40754
2025-04-25 07:00:00,93538.08,93860.0,93497.64,93772.26,1690.35511
2025-04-25 08:00:00,93772.27,93888.0,93624.63,93680.01,743.12893
2025-04-25 09:00:00,93680.01,93873.41,93539.82,93816.42,500.01367
2025-04-25 10:00:00,93816.42,93976.42,93581.39,93634.02,617.16074
2025-04-25 11:00:00,93634.02,94660.0,93634.02,94635.67,1638.14538
2025-04-25 12:00:00,94635.67,94990.0,94270.81,94417.29,2501.32388
2025-04-25 13:00:00,94417.29,94688.88,93929.41,94400.01,1246.62972
2025-04-25 14:00:00,94400.01,95758.04,94391.3,95368.0,5315.61891
2025-04-25 15:00:00,95368.0,95683.31,94804.82,95061.22,1808.96782
2025-04-25 16:00:00,95061.21,95381.52,94726.86,95223.81,827.35336
2025-04-25 17:00:00,95223.82,95554.99,94370.35,94527.79,1213.55237
2025-04-25 18:00:00,94527.79,95228.28,94527.79,94970.15,741.12878
2025-04-25 19:00:00,94970.16,95318.26,94879.05,95291.0,754.0757
2025-04-25 20:00:00,95291.0,95345.45,94777.0,94869.57,537.75825
2025-04-25 21:00:00,94869.57,95034.36,94441.61,94608.69,426.67149
2025-04-25 22:00:00,94608.69,94968.94,94587.21,94850.0,250.01053
2025-04-25 23:00:00,94850.01,94973.4,94609.25,94638.68,423.11781
2025-04-26 00:00:00,94638.68,94935.97,94527.84,94880.69,1397.22066
2025-04-26 01:00:00,94880.68,95199.0,94751.12,95013.14,507.35698
2025-04-26 02:00:00,95013.15,95157.73,94699.11,95000.0,426.17384
2025-04-26 03:00:00,95000.0,95059.67,94710.0,94739.99,211.9504
2025-04-26 04:00:00,94739.99,94830.93,94533.92,94536.99,497.93432
2025-04-26 05:00:00,94537.0,94706.6,94380.72,94626.47,325.1239
2025-04-26 06:00:00,94626.47,94743.88,94583.91,94630.42,283.09837
2025-04-26 07:00:00,94630.42,94794.17,94570.31,94570.31,303.9016
2025-04-26 08:00:00,94570.31,94733.54,94268.2,94318.04,506.57636
2025-04-26 09:00:00,94318.03,94423.77,94120.5,94277.65,536.19777
2025-04-26 10:00:00,94277.65,94394.44,94151.07,94209.03,270.11471
2025-04-26 11:00:00,94209.03,94250.67,93990.6,94144.06,434.59897
2025-04-26 12:00:00,94144.07,94320.0,94113.23,94245.9,347.1869
2025-04-26 13:00:00,94245.91,94300.95,93870.69,94149.2,551.38869
2025-04-26 14:00:00,94149.19,94271.38,93920.0,94240.01,340.90576
2025-04-26 15:00:00,94240.01,94394.0,94184.23,94373.24,399.34843
2025-04-26 16:00:00,94373.24,94373.24,94041.0,94286.92,267.47055
2025-04-26 17:00:00,94286.92,94378.87,94222.33,94316.79,164.43394
2025-04-26 18:00:00,94316.79,94372.0,94123.5,94154.71,229.99296
2025-04-26 19:00:00,94154.71,94334.81,94095.23,94307.5,170.35998
2025-04-26 20:00:00,94307.51,94380.96,94087.0,94087.0,180.72695
2025-04-26 21:00:00,94087.01,94360.0,94087.0,94355.38,263.61098
2025-04-26 22:00:00,94355.39,94800.0,94355.39,94781.86,481.03012
2025-04-26 23:00:00,94781.86,94888.0,94555.0,94628.0,318.36561
2025-04-27 00:00:00,94628.0,95001.58,94576.74,94870.01,728.73565
2025-04-27 01:00:00,94870.01,95369.0,94041.6,94117.6,2400.13887
2025-04-27 02:00:00,94117.6,94469.5,94050.15,94345.86,367.15753
2025-04-27 03:00:00,94345.86,94465.0,94130.71,94156.21,429.84119
2025-04-27 04:00:00,94156.22,94288.65,94013.0,94014.17,448.93525
2025-04-27 05:00:00,94014.16,94173.92,93655.0,93923.88,744.11442
2025-04-27 06:00:00,93923.89,94100.0,93880.0,94015.91,281.36839
2025-04-27 07:00:00,94015.91,94142.52,93930.52,94065.98,384.30276
2025-04-27 08:00:00,94065.99,94331.85,94020.0,94202.51,533.25085
2025-04-27 09:00:00,94202.5,94229.21,94104.89,94159.87,229.44444
2025-04-27 10:00:00,94159.87,94180.0,93940.0,94053.6,244.18725
2025-04-27 11:00:00,94053.59,94082.13,93883.81,93920.01,336.14289
2025-04-27 12:00:00,93920.0,93984.42,93682.93,93734.86,452.76244
2025-04-27 13:00:00,93734.86,94086.96,93602.58,94060.09,453.7652
2025-04-27 14:00:00,94060.09,94173.91,93928.13,93985.9,295.9622
2025-04-27 15:00:00,93985.89,94004.82,93787.93,93901.08,230.15582
2025-04-27 16:00:00,93901.09,93927.5,93727.08,93881.82,315.21521
2025-04-27 17:00:00,93881.82,94158.01,93793.12,94043.78,383.55903
2025-04-27 18:00:00,94043.79,94415.54,93991.8,94287.29,460.98794
2025-04-27 19:00:00,94287.28,94434.79,94200.0,94433.5,194.86179
2025-04-27 20:00:00,94433.49,94433.5,94260.86,94260.86,153.91584
2025-04-27 21:00:00,94260.87,94545.45,94160.49,94328.29,242.97815
2025-04-27 22:00:00,94328.3,94335.84,93641.7,93939.57,563.30862
2025-04-27 23:00:00,93939.57,93939.57,93660.0,93749.3,287.74927
2025-04-28 00:00:00,93749.29,93798.71,93287.98,93419.9,819.66814
2025-04-28 01:00:00,93419.9,93598.2,92800.01,92949.99,1271.62188
2025-04-28 02:00:00,92950.0,93637.5,92890.06,93621.64,932.01032
2025-04-28 03:00:00,93621.64,93987.3,93470.01,93849.93,805.95446
2025-04-28 04:00:00,93849.93,94191.7,93849.93,94036.48,1136.67686
2025-04-28 05:00:00,94036.47,94333.0,93962.8,94224.28,693.5397
2025-04-28 06:00:00,94224.28,94670.46,94224.27,94583.99,667.50641
2025-04-28 07:00:00,94584.0,94800.0,94487.09,94692.49,675.73206
2025-04-28 08:00:00,94692.49,94821.9,94591.61,94706.39,517.2708
2025-04-28 09:00:00,94706.4,94887.99,94662.28,94739.07,636.29638
2025-04-28 10:00:00,94739.07,95223.78,94339.48,95060.77,1669.19469
2025-04-28 11:00:00,95060.78,95550.0,95002.84,95319.99,1585.05499
2025-04-28 12:00:00,95319.99,95630.0,95056.0,95350.69,2035.1513
2025-04-28 13:00:00,95350.69,95518.5,93926.81,93965.7,2653.72474
2025-04-28 14:00:00,93965.7,94900.0,93850.0,94417.73,1173.25656
2025-04-28 15:00:00,94417.73,94523.81,93583.9,93833.51,1012.72231
2025-04-28 16:00:00,93833.5,94032.18,93444.0,93734.04,785.42906
2025-04-28 17:00:00,93734.04,94110.0,93492.23,94100.39,398.76014
2025-04-28 18:00:00,94100.39,94222.0,93787.61,94175.89,362.03308
2025-04-28 19:00:00,94175.89,94920.0,94160.61,94787.2,738.28237
2025-04-28 20:00:00,94786.73,94808.8,94373.35,94469.67,278.98826
2025-04-28 21:00:00,94469.66,94550.0,94305.95,94549.97,195.96012
2025-04-28 22:00:00,94549.97,94879.08,94480.0,94809.52,344.51726
2025-04-28 23:00:00,94809.52,95180.0,94792.52,95011.18,768.18162
2025-04-29 00:00:00,95011.18,95233.48,94829.3,95065.27,403.75166
2025-04-29 01:00:00,95065.27,95461.53,94735.78,94857.49,993.29082
2025-04-29 02:00:00,94857.49,94956.18,94504.81,94615.68,582.54028
2025-04-29 03:00:00,94615.69,94809.53,94443.7,94658.76,375.84575
2025-04-29 04:00:00,94658.75,94872.0,94290.07,94353.32,709.69675
2025-04-29 05:00:00,94353.32,94417.97,94200.0,94276.49,1647.45956
2025-04-29 06:00:00,94276.49,94811.29,94258.41,94780.0,377.80111
2025-04-29 07:00:00,94780.01,94960.0,94704.81,94917.61,361.94456
2025-04-29 08:00:00,94917.61,95093.55,94812.86,95030.0,502.20502
2025-04-29 09:00:00,95030.01,95094.25,94787.15,94989.28,366.65829
2025-04-29 10:00:00,94989.28,95042.61,94743.01,94817.32,592.08053
2025-04-29 11:00:00,94817.32,95285.71,94810.63,95129.74,909.96441
2025-04-29 12:00:00,95129.74,95164.35,94779.33,94813.14,647.8607
2025-04-29 13:00:00,94813.14,95033.7,94590.48,94800.01,835.05
2025-04-29 14:00:00,94800.0,95300.0,94531.85,95040.8,960.27981
2025-04-29 15:00:00,95040.81,95129.2,94728.78,94843.1,429.05785
2025-04-29 16:00:00,94843.1,95459.99,94800.01,94954.74,1089.04376
2025-04-29 17:00:00,94954.74,95368.0,94658.99,95231.37,871.36794
2025-04-29 18:00:00,95231.37,95438.0,95060.0,95391.29,703.13824
2025-04-29 19:00:00,95391.29,95448.84,95224.93,95300.79,428.02418
2025-04-29 20:00:00,95300.79,95408.0,94820.0,94839.32,361.89077
2025-04-29 21:00:00,94839.31,94968.0,94350.0,94735.66,783.01509
2025-04-29 22:00:00,94735.65,94735.65,94000.01,94163.67,1003.3656
2025-04-29 23:00:00,94163.67,94300.0,93742.54,94256.82,1020.00752
2025-04-30 00:00:00,94256.82,94631.23,94136.48,94546.79,519.07237
2025-04-30 01:00:00,94546.79,94604.7,94287.71,94527.73,309.08102
2025-04-30 02:00:00,94527.73,94785.0,94460.0,94641.99,360.20236
2025-04-30 03:00:00,94641.99,95111.01,94496.87,95032.84,576.60185
2025-04-30 04:00:00,95032.84,95180.0,94869.56,95054.75,666.1487
2025-04-30 05:00:00,95054.76,95113.2,94869.57,94894.0,422.26665
2025-04-30 06:00:00,94894.0,94970.31,94745.4,94751.99,295.17447
2025-04-30 07:00:00,94752.0,94869.49,94500.0,94620.99,464.06662
2025-04-30 08:00:00,94620.99,94809.52,94527.58,94718.18,332.70984
2025-04-30 09:00:00,94718.19,95043.23,94667.69,94970.01,391.75434
2025-04-30 10:00:00,94970.01,95022.49,94852.67,94946.52,316.93061
2025-04-30 11:00:00,94946.52,95228.45,94928.44,95176.66,619.85078
2025-04-30 12:00:00,95176.66,95214.9,94349.29,94555.88,1664.41996
2025-04-30 13:00:00,94555.89,94649.5,93026.0,93032.58,2712.01725
2025-04-30 14:00:00,93032.58,94367.7,92910.0,93705.04,3158.62006
2025-04-30 15:00:00,93705.04,94112.18,93659.24,94004.63,722.10473
2025-04-30 16:00:00,94004.63,94189.58,93528.71,93939.98,690.56111
2025-04-30 17:00:00,93939.98,94267.14,93752.15,94100.39,402.85742
2025-04-30 18:00:00,94100.39,94500.0,94009.12,94078.24,510.06539
2025-04-30 19:00:00,94078.23,94266.36,93757.63,94152.01,432.10412
2025-04-30 20:00:00,94152.01,94739.14,94109.46,94555.99,896.76548
2025-04-30 21:00:00,94556.0,94784.1,94382.35,94419.0,330.16484
2025-04-30 22:00:00,94418.99,94720.0,94059.69,94114.05,512.06584
2025-04-30 23:00:00,94114.05,94333.34,94005.0,94172.0,355.66929
2025-05-01 00:00:00,94172.0,94405.47,94130.43,94405.47,326.248
2025-05-01 01:00:00,94405.46,94710.0,94398.51,94636.51,502.12633
2025-05-01 02:00:00,94636.5,94972.5,94620.0,94867.46,891.42578
2025-05-01 03:00:00,94867.46,95040.3,94688.75,94782.6,1157.63769
2025-05-01 04:00:00,94782.6,94934.99,94714.38,94860.51,258.99247
2025-05-01 05:00:00,94860.51,95178.11,94840.38,95147.96,677.05143
2025-05-01 06:00:00,95147.97,95180.0,94806.23,94888.85,467.41491
2025-05-01 07:00:00,94888.85,95130.01,94800.0,95025.84,476.89004
2025-05-01 08:00:00,95025.84,95210.16,94913.04,95210.16,423.56462
2025-05-01 09:00:00,95210.16,95817.78,95140.18,95520.99,1159.84689
2025-05-01 10:00:00,95520.99,96396.31,95520.98,96169.01,1865.7971
2025-05-01 11:00:00,96169.01,96250.4,95836.57,96180.01,787.87727
2025-05-01 12:00:00,96180.01,96463.18,96116.14,96373.2,822.173
2025-05-01 13:00:00,96373.2,96734.89,95769.66,95809.52,1740.4931
2025-05-01 14:00:00,95809.52,96908.28,95809.52,96827.99,2767.87823
2025-05-01 15:00:00,96828.0,97424.02,96751.3,96854.3,2068.94782
2025-05-01 16:00:00,96854.31,97367.26,96854.3,97007.14,960.27808
2025-05-01 17:00:00,97007.15,97216.99,96514.24,96794.17,775.85599
2025-05-01 18:00:00,96794.18,96975.3,96425.22,96869.55,745.78922
2025-05-01 19:00:00,96869.56,96882.72,96424.44,96523.26,718.87913
2025-05-01 20:00:00,96523.26,96885.77,96312.24,96407.9,818.39622
2025-05-01 21:00:00,96407.91,96774.73,96390.26,96464.55,292.34865
2025-05-01 22:00:00,96464.56,96643.08,96369.31,96372.33,304.90158
2025-05-01 23:00:00,96372.34,96500.0,96184.19,96489.91,369.63988
2025-05-02 00:00:00,96489.9,97052.48,96466.21,97042.97,683.12997
2025-05-02 01:00:00,97042.96,97179.97,96772.0,96970.4,566.90548
2025-05-02 02:00:00,96970.4,97040.0,96722.41,96952.58,449.57315
2025-05-02 03:00:00,96952.59,97233.1,96952.58,97102.32,434.57258
2025-05-02 04:00:00,97102.32,97309.78,96868.35,96939.86,579.01103
2025-05-02 05:00:00,96939.85,97010.55,96631.74,96707.54,534.68119
2025-05-02 06:00:00,96707.54,96892.34,96562.98,96715.0,383.92171
2025-05-02 07:00:00,96715.0,96729.2,96350.0,96350.0,935.27663
2025-05-02 08:00:00,96350.01,96775.77,96350.0,96636.2,508.11116
2025-05-02 09:00:00,96636.2,96788.0,96460.73,96596.68,417.01278
2025-05-02 10:00:00,96596.68,96927.92,96596.68,96888.0,367.39386
2025-05-02 11:00:00,96888.0,97100.0,96886.47,96928.97,567.753
2025-05-02 12:00:00,96928.97,97182.54,96650.94,97182.53,893.40406
2025-05-02 13:00:00,97182.54,97290.29,96672.46,96772.08,1075.20432
2025-05-02 14:00:00,96772.08,97895.68,96708.98,97748.4,2123.6506
2025-05-02 15:00:00,97748.41,97891.19,97063.0,97330.19,954.92275
2025-05-02 16:00:00,97330.19,97783.02,97325.51,97348.69,848.97951
2025-05-02 17:00:00,97348.69,97433.58,97053.46,97402.55,507.605
2025-05-02 18:00:00,97402.55,97619.0,97155.68,97171.0,376.68171
2025-05-02 19:00:00,97171.0,97182.54,96769.84,96924.23,599.44153
2025-05-02 20:00:00,96924.23,97136.0,96844.05,97022.31,243.50865
2025-05-02 21:00:00,97022.31,97038.79,96561.57,96726.08,258.87096
2025-05-02 22:00:00,96726.07,96792.46,96579.36,96649.01,352.15656
2025-05-02 23:00:00,96649.01,96896.83,96594.33,96887.14,243.97992
2025-05-03 00:00:00,96887.13,96935.67,96612.87,96700.45,559.13625
2025-05-03 01:00:00,96700.46,96722.4,96435.16,96493.94,462.40221
2025-05-03 02:00:00,96493.93,96699.98,96487.07,96533.51,275.57053
2025-05-03 03:00:00,96533.5,96535.96,96300.02,96337.5,761.61563
2025-05-03 04:00:00,96337.5,96589.2,96307.88,96519.05,252.68819
2025-05-03 05:00:00,96519.04,96530.0,96478.46,96478.46,17.13223
